1044
0	0 0
1	0 1	5,6
3	0 2	4,6 5,6
7	0 3	3,6 4,6 5,6
15	0 4	2,6 3,6 4,6 5,6
31	0 5	1,6 2,6 3,6 4,6 5,6
63	1 6	0,6 1,6 2,6 3,6 4,6 5,6
67	0 3	4,5 4,6 5,6
68	0 2	3,6 4,5
69	0 3	3,6 4,5 5,6
71	0 4	3,6 4,5 4,6 5,6
76	0 3	2,6 3,6 4,5
77	0 4	2,6 3,6 4,5 5,6
79	0 5	2,6 3,6 4,5 4,6 5,6
92	0 4	1,6 2,6 3,6 4,5
93	0 5	1,6 2,6 3,6 4,5 5,6
95	0 6	1,6 2,6 3,6 4,5 4,6 5,6
124	0 5	0,6 1,6 2,6 3,6 4,5
125	1 6	0,6 1,6 2,6 3,6 4,5 5,6
127	1 7	0,6 1,6 2,6 3,6 4,5 4,6 5,6
198	0 4	3,5 3,6 4,5 4,6
199	0 5	3,5 3,6 4,5 4,6 5,6
202	0 4	2,6 3,5 4,5 4,6
203	0 5	2,6 3,5 4,5 4,6 5,6
206	0 5	2,6 3,5 3,6 4,5 4,6
207	0 6	2,6 3,5 3,6 4,5 4,6 5,6
216	0 4	1,6 2,6 3,5 4,5
217	0 5	1,6 2,6 3,5 4,5 5,6
218	0 5	1,6 2,6 3,5 4,5 4,6
219	0 6	1,6 2,6 3,5 4,5 4,6 5,6
222	0 6	1,6 2,6 3,5 3,6 4,5 4,6
223	0 7	1,6 2,6 3,5 3,6 4,5 4,6 5,6
248	0 5	0,6 1,6 2,6 3,5 4,5
249	1 6	0,6 1,6 2,6 3,5 4,5 5,6
250	1 6	0,6 1,6 2,6 3,5 4,5 4,6
251	1 7	0,6 1,6 2,6 3,5 4,5 4,6 5,6
254	1 7	0,6 1,6 2,6 3,5 3,6 4,5 4,6
255	1 8	0,6 1,6 2,6 3,5 3,6 4,5 4,6 5,6
462	0 6	2,5 2,6 3,5 3,6 4,5 4,6
463	0 7	2,5 2,6 3,5 3,6 4,5 4,6 5,6
470	0 6	1,6 2,5 3,5 3,6 4,5 4,6
471	0 7	1,6 2,5 3,5 3,6 4,5 4,6 5,6
478	0 7	1,6 2,5 2,6 3,5 3,6 4,5 4,6
479	0 8	1,6 2,5 2,6 3,5 3,6 4,5 4,6 5,6
498	1 6	0,6 1,6 2,5 3,5 4,5 4,6
499	1 7	0,6 1,6 2,5 3,5 4,5 4,6 5,6
502	1 7	0,6 1,6 2,5 3,5 3,6 4,5 4,6
503	1 8	0,6 1,6 2,5 3,5 3,6 4,5 4,6 5,6
510	1 8	0,6 1,6 2,5 2,6 3,5 3,6 4,5 4,6
511	1 9	0,6 1,6 2,5 2,6 3,5 3,6 4,5 4,6 5,6
990	0 8	1,5 1,6 2,5 2,6 3,5 3,6 4,5 4,6
991	0 9	1,5 1,6 2,5 2,6 3,5 3,6 4,5 4,6 5,6
1006	1 8	0,6 1,5 2,5 2,6 3,5 3,6 4,5 4,6
1007	1 9	0,6 1,5 2,5 2,6 3,5 3,6 4,5 4,6 5,6
1022	1 9	0,6 1,5 1,6 2,5 2,6 3,5 3,6 4,5 4,6
1023	1 10	0,6 1,5 1,6 2,5 2,6 3,5 3,6 4,5 4,6 5,6
2046	1 10	0,5 0,6 1,5 1,6 2,5 2,6 3,5 3,6 4,5 4,6
2047	1 11	0,5 0,6 1,5 1,6 2,5 2,6 3,5 3,6 4,5 4,6 5,6
2247	0 6	3,4 3,5 3,6 4,5 4,6 5,6
2248	0 4	2,6 3,4 3,5 4,5
2249	0 5	2,6 3,4 3,5 4,5 5,6
2251	0 6	2,6 3,4 3,5 4,5 4,6 5,6
2255	0 7	2,6 3,4 3,5 3,6 4,5 4,6 5,6
2264	0 5	1,6 2,6 3,4 3,5 4,5
2265	0 6	1,6 2,6 3,4 3,5 4,5 5,6
2267	0 7	1,6 2,6 3,4 3,5 4,5 4,6 5,6
2271	0 8	1,6 2,6 3,4 3,5 3,6 4,5 4,6 5,6
2296	0 6	0,6 1,6 2,6 3,4 3,5 4,5
2297	1 7	0,6 1,6 2,6 3,4 3,5 4,5 5,6
2299	1 8	0,6 1,6 2,6 3,4 3,5 4,5 4,6 5,6
2303	1 9	0,6 1,6 2,6 3,4 3,5 3,6 4,5 4,6 5,6
2319	0 6	2,5 2,6 3,4 3,6 4,6 5,6
2320	0 3	1,6 2,5 3,4
2321	0 4	1,6 2,5 3,4 5,6
2323	0 5	1,6 2,5 3,4 4,6 5,6
2326	0 5	1,6 2,5 3,4 3,6 4,6
2327	0 6	1,6 2,5 3,4 3,6 4,6 5,6
2335	0 7	1,6 2,5 2,6 3,4 3,6 4,6 5,6
2352	0 4	0,6 1,6 2,5 3,4
2353	0 5	0,6 1,6 2,5 3,4 5,6
2355	1 6	0,6 1,6 2,5 3,4 4,6 5,6
2358	0 6	0,6 1,6 2,5 3,4 3,6 4,6
2359	1 7	0,6 1,6 2,5 3,4 3,6 4,6 5,6
2367	1 8	0,6 1,6 2,5 2,6 3,4 3,6 4,6 5,6
2380	0 5	2,5 2,6 3,4 3,6 4,5
2381	0 6	2,5 2,6 3,4 3,6 4,5 5,6
2383	0 7	2,5 2,6 3,4 3,6 4,5 4,6 5,6
2387	0 6	1,6 2,5 3,4 4,5 4,6 5,6
2388	0 5	1,6 2,5 3,4 3,6 4,5
2389	0 6	1,6 2,5 3,4 3,6 4,5 5,6
2390	0 6	1,6 2,5 3,4 3,6 4,5 4,6
2391	0 7	1,6 2,5 3,4 3,6 4,5 4,6 5,6
2396	0 6	1,6 2,5 2,6 3,4 3,6 4,5
2397	0 7	1,6 2,5 2,6 3,4 3,6 4,5 5,6
2399	0 8	1,6 2,5 2,6 3,4 3,6 4,5 4,6 5,6
2416	0 5	0,6 1,6 2,5 3,4 4,5
2417	1 6	0,6 1,6 2,5 3,4 4,5 5,6
2419	1 7	0,6 1,6 2,5 3,4 4,5 4,6 5,6
2420	1 6	0,6 1,6 2,5 3,4 3,6 4,5
2421	1 7	0,6 1,6 2,5 3,4 3,6 4,5 5,6
2422	1 7	0,6 1,6 2,5 3,4 3,6 4,5 4,6
2423	1 8	0,6 1,6 2,5 3,4 3,6 4,5 4,6 5,6
2428	1 7	0,6 1,6 2,5 2,6 3,4 3,6 4,5
2429	1 8	0,6 1,6 2,5 2,6 3,4 3,6 4,5 5,6
2431	1 9	0,6 1,6 2,5 2,6 3,4 3,6 4,5 4,6 5,6
2510	0 7	2,5 2,6 3,4 3,5 3,6 4,5 4,6
2511	0 8	2,5 2,6 3,4 3,5 3,6 4,5 4,6 5,6
2518	0 7	1,6 2,5 3,4 3,5 3,6 4,5 4,6
2519	0 8	1,6 2,5 3,4 3,5 3,6 4,5 4,6 5,6
2520	0 6	1,6 2,5 2,6 3,4 3,5 4,5
2521	0 7	1,6 2,5 2,6 3,4 3,5 4,5 5,6
2522	0 7	1,6 2,5 2,6 3,4 3,5 4,5 4,6
2523	0 8	1,6 2,5 2,6 3,4 3,5 4,5 4,6 5,6
2526	0 8	1,6 2,5 2,6 3,4 3,5 3,6 4,5 4,6
2527	0 9	1,6 2,5 2,6 3,4 3,5 3,6 4,5 4,6 5,6
2544	0 6	0,6 1,6 2,5 3,4 3,5 4,5
2545	1 7	0,6 1,6 2,5 3,4 3,5 4,5 5,6
2546	1 7	0,6 1,6 2,5 3,4 3,5 4,5 4,6
2547	1 8	0,6 1,6 2,5 3,4 3,5 4,5 4,6 5,6
2550	1 8	0,6 1,6 2,5 3,4 3,5 3,6 4,5 4,6
2551	1 9	0,6 1,6 2,5 3,4 3,5 3,6 4,5 4,6 5,6
2552	1 7	0,6 1,6 2,5 2,6 3,4 3,5 4,5
2553	1 8	0,6 1,6 2,5 2,6 3,4 3,5 4,5 5,6
2554	1 8	0,6 1,6 2,5 2,6 3,4 3,5 4,5 4,6
2555	1 9	0,6 1,6 2,5 2,6 3,4 3,5 4,5 4,6 5,6
2558	1 9	0,6 1,6 2,5 2,6 3,4 3,5 3,6 4,5 4,6
2559	1 10	0,6 1,6 2,5 2,6 3,4 3,5 3,6 4,5 4,6 5,6
2840	0 5	1,5 1,6 2,5 2,6 3,4
2841	0 6	1,5 1,6 2,5 2,6 3,4 5,6
2842	0 6	1,5 1,6 2,5 2,6 3,4 4,6
2843	0 7	1,5 1,6 2,5 2,6 3,4 4,6 5,6
2846	0 7	1,5 1,6 2,5 2,6 3,4 3,6 4,6
2847	0 8	1,5 1,6 2,5 2,6 3,4 3,6 4,6 5,6
2856	0 5	0,6 1,5 2,5 2,6 3,4
2857	0 6	0,6 1,5 2,5 2,6 3,4 5,6
2858	1 6	0,6 1,5 2,5 2,6 3,4 4,6
2859	1 7	0,6 1,5 2,5 2,6 3,4 4,6 5,6
2862	1 7	0,6 1,5 2,5 2,6 3,4 3,6 4,6
2863	1 8	0,6 1,5 2,5 2,6 3,4 3,6 4,6 5,6
2872	0 6	0,6 1,5 1,6 2,5 2,6 3,4
2873	0 7	0,6 1,5 1,6 2,5 2,6 3,4 5,6
2874	1 7	0,6 1,5 1,6 2,5 2,6 3,4 4,6
2875	1 8	0,6 1,5 1,6 2,5 2,6 3,4 4,6 5,6
2878	1 8	0,6 1,5 1,6 2,5 2,6 3,4 3,6 4,6
2879	1 9	0,6 1,5 1,6 2,5 2,6 3,4 3,6 4,6 5,6
2906	0 7	1,5 1,6 2,5 2,6 3,4 4,5 4,6
2907	0 8	1,5 1,6 2,5 2,6 3,4 4,5 4,6 5,6
2908	0 7	1,5 1,6 2,5 2,6 3,4 3,6 4,5
2909	0 8	1,5 1,6 2,5 2,6 3,4 3,6 4,5 5,6
2910	0 8	1,5 1,6 2,5 2,6 3,4 3,6 4,5 4,6
2911	0 9	1,5 1,6 2,5 2,6 3,4 3,6 4,5 4,6 5,6
2922	1 7	0,6 1,5 2,5 2,6 3,4 4,5 4,6
2923	1 8	0,6 1,5 2,5 2,6 3,4 4,5 4,6 5,6
2924	1 7	0,6 1,5 2,5 2,6 3,4 3,6 4,5
2925	1 8	0,6 1,5 2,5 2,6 3,4 3,6 4,5 5,6
2926	1 8	0,6 1,5 2,5 2,6 3,4 3,6 4,5 4,6
2927	1 9	0,6 1,5 2,5 2,6 3,4 3,6 4,5 4,6 5,6
2936	1 7	0,6 1,5 1,6 2,5 2,6 3,4 4,5
2937	1 8	0,6 1,5 1,6 2,5 2,6 3,4 4,5 5,6
2938	1 8	0,6 1,5 1,6 2,5 2,6 3,4 4,5 4,6
2939	1 9	0,6 1,5 1,6 2,5 2,6 3,4 4,5 4,6 5,6
2940	1 8	0,6 1,5 1,6 2,5 2,6 3,4 3,6 4,5
2941	1 9	0,6 1,5 1,6 2,5 2,6 3,4 3,6 4,5 5,6
2942	1 9	0,6 1,5 1,6 2,5 2,6 3,4 3,6 4,5 4,6
2943	1 10	0,6 1,5 1,6 2,5 2,6 3,4 3,6 4,5 4,6 5,6
3038	0 9	1,5 1,6 2,5 2,6 3,4 3,5 3,6 4,5 4,6
3039	0 10	1,5 1,6 2,5 2,6 3,4 3,5 3,6 4,5 4,6 5,6
3054	1 9	0,6 1,5 2,5 2,6 3,4 3,5 3,6 4,5 4,6
3055	1 10	0,6 1,5 2,5 2,6 3,4 3,5 3,6 4,5 4,6 5,6
3064	1 8	0,6 1,5 1,6 2,5 2,6 3,4 3,5 4,5
3065	1 9	0,6 1,5 1,6 2,5 2,6 3,4 3,5 4,5 5,6
3066	1 9	0,6 1,5 1,6 2,5 2,6 3,4 3,5 4,5 4,6
3067	1 10	0,6 1,5 1,6 2,5 2,6 3,4 3,5 4,5 4,6 5,6
3070	1 10	0,6 1,5 1,6 2,5 2,6 3,4 3,5 3,6 4,5 4,6
3071	1 11	0,6 1,5 1,6 2,5 2,6 3,4 3,5 3,6 4,5 4,6 5,6
3896	0 7	0,5 0,6 1,5 1,6 2,5 2,6 3,4
3897	0 8	0,5 0,6 1,5 1,6 2,5 2,6 3,4 5,6
3898	1 8	0,5 0,6 1,5 1,6 2,5 2,6 3,4 4,6
3899	1 9	0,5 0,6 1,5 1,6 2,5 2,6 3,4 4,6 5,6
3902	1 9	0,5 0,6 1,5 1,6 2,5 2,6 3,4 3,6 4,6
3903	1 10	0,5 0,6 1,5 1,6 2,5 2,6 3,4 3,6 4,6 5,6
3962	1 9	0,5 0,6 1,5 1,6 2,5 2,6 3,4 4,5 4,6
3963	1 10	0,5 0,6 1,5 1,6 2,5 2,6 3,4 4,5 4,6 5,6
3964	1 9	0,5 0,6 1,5 1,6 2,5 2,6 3,4 3,6 4,5
3965	1 10	0,5 0,6 1,5 1,6 2,5 2,6 3,4 3,6 4,5 5,6
3966	1 10	0,5 0,6 1,5 1,6 2,5 2,6 3,4 3,6 4,5 4,6
3967	1 11	0,5 0,6 1,5 1,6 2,5 2,6 3,4 3,6 4,5 4,6 5,6
4094	1 11	0,5 0,6 1,5 1,6 2,5 2,6 3,4 3,5 3,6 4,5 4,6
4095	1 12	0,5 0,6 1,5 1,6 2,5 2,6 3,4 3,5 3,6 4,5 4,6 5,6
6543	0 8	2,4 2,5 2,6 3,4 3,5 3,6 4,6 5,6
6549	0 7	1,6 2,4 2,5 3,4 3,5 3,6 5,6
6551	0 8	1,6 2,4 2,5 3,4 3,5 3,6 4,6 5,6
6559	0 9	1,6 2,4 2,5 2,6 3,4 3,5 3,6 4,6 5,6
6576	0 6	0,6 1,6 2,4 2,5 3,4 3,5
6577	1 7	0,6 1,6 2,4 2,5 3,4 3,5 5,6
6579	1 8	0,6 1,6 2,4 2,5 3,4 3,5 4,6 5,6
6581	1 8	0,6 1,6 2,4 2,5 3,4 3,5 3,6 5,6
6583	1 9	0,6 1,6 2,4 2,5 3,4 3,5 3,6 4,6 5,6
6591	1 10	0,6 1,6 2,4 2,5 2,6 3,4 3,5 3,6 4,6 5,6
6607	0 9	2,4 2,5 2,6 3,4 3,5 3,6 4,5 4,6 5,6
6612	0 7	1,6 2,4 2,5 3,4 3,5 3,6 4,5
6613	0 8	1,6 2,4 2,5 3,4 3,5 3,6 4,5 5,6
6615	0 9	1,6 2,4 2,5 3,4 3,5 3,6 4,5 4,6 5,6
6620	0 8	1,6 2,4 2,5 2,6 3,4 3,5 3,6 4,5
6621	0 9	1,6 2,4 2,5 2,6 3,4 3,5 3,6 4,5 5,6
6623	0 10	1,6 2,4 2,5 2,6 3,4 3,5 3,6 4,5 4,6 5,6
6640	0 7	0,6 1,6 2,4 2,5 3,4 3,5 4,5
6641	1 8	0,6 1,6 2,4 2,5 3,4 3,5 4,5 5,6
6643	1 9	0,6 1,6 2,4 2,5 3,4 3,5 4,5 4,6 5,6
6644	1 8	0,6 1,6 2,4 2,5 3,4 3,5 3,6 4,5
6645	1 9	0,6 1,6 2,4 2,5 3,4 3,5 3,6 4,5 5,6
6647	1 10	0,6 1,6 2,4 2,5 3,4 3,5 3,6 4,5 4,6 5,6
6652	1 9	0,6 1,6 2,4 2,5 2,6 3,4 3,5 3,6 4,5
6653	1 10	0,6 1,6 2,4 2,5 2,6 3,4 3,5 3,6 4,5 5,6
6655	1 11	0,6 1,6 2,4 2,5 2,6 3,4 3,5 3,6 4,5 4,6 5,6
6808	0 6	1,5 1,6 2,4 2,6 3,4 3,5
6809	0 7	1,5 1,6 2,4 2,6 3,4 3,5 5,6
6811	0 8	1,5 1,6 2,4 2,6 3,4 3,5 4,6 5,6
6812	0 7	1,5 1,6 2,4 2,6 3,4 3,5 3,6
6813	0 8	1,5 1,6 2,4 2,6 3,4 3,5 3,6 5,6
6815	0 9	1,5 1,6 2,4 2,6 3,4 3,5 3,6 4,6 5,6
6820	1 6	0,6 1,5 2,4 3,4 3,5 3,6
6821	1 7	0,6 1,5 2,4 3,4 3,5 3,6 5,6
6823	1 8	0,6 1,5 2,4 3,4 3,5 3,6 4,6 5,6
6824	1 6	0,6 1,5 2,4 2,6 3,4 3,5
6825	1 7	0,6 1,5 2,4 2,6 3,4 3,5 5,6
6826	1 7	0,6 1,5 2,4 2,6 3,4 3,5 4,6
6827	1 8	0,6 1,5 2,4 2,6 3,4 3,5 4,6 5,6
6828	1 7	0,6 1,5 2,4 2,6 3,4 3,5 3,6
6829	1 8	0,6 1,5 2,4 2,6 3,4 3,5 3,6 5,6
6830	1 8	0,6 1,5 2,4 2,6 3,4 3,5 3,6 4,6
6831	1 9	0,6 1,5 2,4 2,6 3,4 3,5 3,6 4,6 5,6
6840	1 7	0,6 1,5 1,6 2,4 2,6 3,4 3,5
6841	1 8	0,6 1,5 1,6 2,4 2,6 3,4 3,5 5,6
6843	1 9	0,6 1,5 1,6 2,4 2,6 3,4 3,5 4,6 5,6
6844	1 8	0,6 1,5 1,6 2,4 2,6 3,4 3,5 3,6
6845	1 9	0,6 1,5 1,6 2,4 2,6 3,4 3,5 3,6 5,6
6847	1 10	0,6 1,5 1,6 2,4 2,6 3,4 3,5 3,6 4,6 5,6
6875	0 9	1,5 1,6 2,4 2,6 3,4 3,5 4,5 4,6 5,6
6876	0 8	1,5 1,6 2,4 2,6 3,4 3,5 3,6 4,5
6877	0 9	1,5 1,6 2,4 2,6 3,4 3,5 3,6 4,5 5,6
6879	0 10	1,5 1,6 2,4 2,6 3,4 3,5 3,6 4,5 4,6 5,6
6887	1 9	0,6 1,5 2,4 3,4 3,5 3,6 4,5 4,6 5,6
6890	1 8	0,6 1,5 2,4 2,6 3,4 3,5 4,5 4,6
6891	1 9	0,6 1,5 2,4 2,6 3,4 3,5 4,5 4,6 5,6
6892	1 8	0,6 1,5 2,4 2,6 3,4 3,5 3,6 4,5
6893	1 9	0,6 1,5 2,4 2,6 3,4 3,5 3,6 4,5 5,6
6894	1 9	0,6 1,5 2,4 2,6 3,4 3,5 3,6 4,5 4,6
6895	1 10	0,6 1,5 2,4 2,6 3,4 3,5 3,6 4,5 4,6 5,6
6904	1 8	0,6 1,5 1,6 2,4 2,6 3,4 3,5 4,5
6905	1 9	0,6 1,5 1,6 2,4 2,6 3,4 3,5 4,5 5,6
6907	1 10	0,6 1,5 1,6 2,4 2,6 3,4 3,5 4,5 4,6 5,6
6908	1 9	0,6 1,5 1,6 2,4 2,6 3,4 3,5 3,6 4,5
6909	1 10	0,6 1,5 1,6 2,4 2,6 3,4 3,5 3,6 4,5 5,6
6911	1 11	0,6 1,5 1,6 2,4 2,6 3,4 3,5 3,6 4,5 4,6 5,6
7068	0 8	1,5 1,6 2,4 2,5 2,6 3,4 3,5 3,6
7069	0 9	1,5 1,6 2,4 2,5 2,6 3,4 3,5 3,6 5,6
7070	0 9	1,5 1,6 2,4 2,5 2,6 3,4 3,5 3,6 4,6
7071	0 10	1,5 1,6 2,4 2,5 2,6 3,4 3,5 3,6 4,6 5,6
7084	1 8	0,6 1,5 2,4 2,5 2,6 3,4 3,5 3,6
7085	1 9	0,6 1,5 2,4 2,5 2,6 3,4 3,5 3,6 5,6
7086	1 9	0,6 1,5 2,4 2,5 2,6 3,4 3,5 3,6 4,6
7087	1 10	0,6 1,5 2,4 2,5 2,6 3,4 3,5 3,6 4,6 5,6
7088	1 7	0,6 1,5 1,6 2,4 2,5 3,4 3,5
7089	1 8	0,6 1,5 1,6 2,4 2,5 3,4 3,5 5,6
7090	1 8	0,6 1,5 1,6 2,4 2,5 3,4 3,5 4,6
7091	1 9	0,6 1,5 1,6 2,4 2,5 3,4 3,5 4,6 5,6
7092	1 8	0,6 1,5 1,6 2,4 2,5 3,4 3,5 3,6
7093	1 9	0,6 1,5 1,6 2,4 2,5 3,4 3,5 3,6 5,6
7094	1 9	0,6 1,5 1,6 2,4 2,5 3,4 3,5 3,6 4,6
7095	1 10	0,6 1,5 1,6 2,4 2,5 3,4 3,5 3,6 4,6 5,6
7100	1 9	0,6 1,5 1,6 2,4 2,5 2,6 3,4 3,5 3,6
7101	1 10	0,6 1,5 1,6 2,4 2,5 2,6 3,4 3,5 3,6 5,6
7102	1 10	0,6 1,5 1,6 2,4 2,5 2,6 3,4 3,5 3,6 4,6
7103	1 11	0,6 1,5 1,6 2,4 2,5 2,6 3,4 3,5 3,6 4,6 5,6
7134	0 10	1,5 1,6 2,4 2,5 2,6 3,4 3,5 3,6 4,5 4,6
7135	0 11	1,5 1,6 2,4 2,5 2,6 3,4 3,5 3,6 4,5 4,6 5,6
7150	1 10	0,6 1,5 2,4 2,5 2,6 3,4 3,5 3,6 4,5 4,6
7151	1 11	0,6 1,5 2,4 2,5 2,6 3,4 3,5 3,6 4,5 4,6 5,6
7152	1 8	0,6 1,5 1,6 2,4 2,5 3,4 3,5 4,5
7153	1 9	0,6 1,5 1,6 2,4 2,5 3,4 3,5 4,5 5,6
7154	1 9	0,6 1,5 1,6 2,4 2,5 3,4 3,5 4,5 4,6
7155	1 10	0,6 1,5 1,6 2,4 2,5 3,4 3,5 4,5 4,6 5,6
7156	1 9	0,6 1,5 1,6 2,4 2,5 3,4 3,5 3,6 4,5
7157	1 10	0,6 1,5 1,6 2,4 2,5 3,4 3,5 3,6 4,5 5,6
7158	1 10	0,6 1,5 1,6 2,4 2,5 3,4 3,5 3,6 4,5 4,6
7159	1 11	0,6 1,5 1,6 2,4 2,5 3,4 3,5 3,6 4,5 4,6 5,6
7164	1 10	0,6 1,5 1,6 2,4 2,5 2,6 3,4 3,5 3,6 4,5
7165	1 11	0,6 1,5 1,6 2,4 2,5 2,6 3,4 3,5 3,6 4,5 5,6
7166	1 11	0,6 1,5 1,6 2,4 2,5 2,6 3,4 3,5 3,6 4,5 4,6
7167	1 12	0,6 1,5 1,6 2,4 2,5 2,6 3,4 3,5 3,6 4,5 4,6 5,6
7740	1 8	0,5 0,6 1,5 1,6 2,4 2,6 3,4 3,6
7741	1 9	0,5 0,6 1,5 1,6 2,4 2,6 3,4 3,6 5,6
7743	1 10	0,5 0,6 1,5 1,6 2,4 2,6 3,4 3,6 4,6 5,6
7804	1 9	0,5 0,6 1,5 1,6 2,4 2,6 3,4 3,6 4,5
7805	1 10	0,5 0,6 1,5 1,6 2,4 2,6 3,4 3,6 4,5 5,6
7807	1 11	0,5 0,6 1,5 1,6 2,4 2,6 3,4 3,6 4,5 4,6 5,6
7860	1 8	0,5 0,6 1,5 1,6 2,4 3,4 3,5 3,6
7861	1 9	0,5 0,6 1,5 1,6 2,4 3,4 3,5 3,6 5,6
7862	1 9	0,5 0,6 1,5 1,6 2,4 3,4 3,5 3,6 4,6
7863	1 10	0,5 0,6 1,5 1,6 2,4 3,4 3,5 3,6 4,6 5,6
7864	1 8	0,5 0,6 1,5 1,6 2,4 2,6 3,4 3,5
7865	1 9	0,5 0,6 1,5 1,6 2,4 2,6 3,4 3,5 5,6
7866	1 9	0,5 0,6 1,5 1,6 2,4 2,6 3,4 3,5 4,6
7867	1 10	0,5 0,6 1,5 1,6 2,4 2,6 3,4 3,5 4,6 5,6
7868	1 9	0,5 0,6 1,5 1,6 2,4 2,6 3,4 3,5 3,6
7869	1 10	0,5 0,6 1,5 1,6 2,4 2,6 3,4 3,5 3,6 5,6
7870	1 10	0,5 0,6 1,5 1,6 2,4 2,6 3,4 3,5 3,6 4,6
7871	1 11	0,5 0,6 1,5 1,6 2,4 2,6 3,4 3,5 3,6 4,6 5,6
7926	1 10	0,5 0,6 1,5 1,6 2,4 3,4 3,5 3,6 4,5 4,6
7927	1 11	0,5 0,6 1,5 1,6 2,4 3,4 3,5 3,6 4,5 4,6 5,6
7930	1 10	0,5 0,6 1,5 1,6 2,4 2,6 3,4 3,5 4,5 4,6
7931	1 11	0,5 0,6 1,5 1,6 2,4 2,6 3,4 3,5 4,5 4,6 5,6
7932	1 10	0,5 0,6 1,5 1,6 2,4 2,6 3,4 3,5 3,6 4,5
7933	1 11	0,5 0,6 1,5 1,6 2,4 2,6 3,4 3,5 3,6 4,5 5,6
7934	1 11	0,5 0,6 1,5 1,6 2,4 2,6 3,4 3,5 3,6 4,5 4,6
7935	1 12	0,5 0,6 1,5 1,6 2,4 2,6 3,4 3,5 3,6 4,5 4,6 5,6
8124	1 10	0,5 0,6 1,5 1,6 2,4 2,5 2,6 3,4 3,5 3,6
8125	1 11	0,5 0,6 1,5 1,6 2,4 2,5 2,6 3,4 3,5 3,6 5,6
8126	1 11	0,5 0,6 1,5 1,6 2,4 2,5 2,6 3,4 3,5 3,6 4,6
8127	1 12	0,5 0,6 1,5 1,6 2,4 2,5 2,6 3,4 3,5 3,6 4,6 5,6
8190	1 12	0,5 0,6 1,5 1,6 2,4 2,5 2,6 3,4 3,5 3,6 4,5 4,6
8191	1 13	0,5 0,6 1,5 1,6 2,4 2,5 2,6 3,4 3,5 3,6 4,5 4,6 5,6
15260	0 9	1,4 1,5 1,6 2,4 2,5 2,6 3,4 3,5 3,6
15261	0 10	1,4 1,5 1,6 2,4 2,5 2,6 3,4 3,5 3,6 5,6
15263	0 11	1,4 1,5 1,6 2,4 2,5 2,6 3,4 3,5 3,6 4,6 5,6
15276	1 9	0,6 1,4 1,5 2,4 2,5 2,6 3,4 3,5 3,6
15277	1 10	0,6 1,4 1,5 2,4 2,5 2,6 3,4 3,5 3,6 5,6
15279	1 11	0,6 1,4 1,5 2,4 2,5 2,6 3,4 3,5 3,6 4,6 5,6
15292	1 10	0,6 1,4 1,5 1,6 2,4 2,5 2,6 3,4 3,5 3,6
15293	1 11	0,6 1,4 1,5 1,6 2,4 2,5 2,6 3,4 3,5 3,6 5,6
15295	1 12	0,6 1,4 1,5 1,6 2,4 2,5 2,6 3,4 3,5 3,6 4,6 5,6
15327	0 12	1,4 1,5 1,6 2,4 2,5 2,6 3,4 3,5 3,6 4,5 4,6 5,6
15340	1 10	0,6 1,4 1,5 2,4 2,5 2,6 3,4 3,5 3,6 4,5
15341	1 11	0,6 1,4 1,5 2,4 2,5 2,6 3,4 3,5 3,6 4,5 5,6
15343	1 12	0,6 1,4 1,5 2,4 2,5 2,6 3,4 3,5 3,6 4,5 4,6 5,6
15356	1 11	0,6 1,4 1,5 1,6 2,4 2,5 2,6 3,4 3,5 3,6 4,5
15357	1 12	0,6 1,4 1,5 1,6 2,4 2,5 2,6 3,4 3,5 3,6 4,5 5,6
15359	1 13	0,6 1,4 1,5 1,6 2,4 2,5 2,6 3,4 3,5 3,6 4,5 4,6 5,6
15796	1 9	0,5 0,6 1,4 1,6 2,4 2,5 3,4 3,5 3,6
15797	1 10	0,5 0,6 1,4 1,6 2,4 2,5 3,4 3,5 3,6 5,6
15799	1 11	0,5 0,6 1,4 1,6 2,4 2,5 3,4 3,5 3,6 4,6 5,6
15804	1 10	0,5 0,6 1,4 1,6 2,4 2,5 2,6 3,4 3,5 3,6
15805	1 11	0,5 0,6 1,4 1,6 2,4 2,5 2,6 3,4 3,5 3,6 5,6
15807	1 12	0,5 0,6 1,4 1,6 2,4 2,5 2,6 3,4 3,5 3,6 4,6 5,6
15863	1 12	0,5 0,6 1,4 1,6 2,4 2,5 3,4 3,5 3,6 4,5 4,6 5,6
15868	1 11	0,5 0,6 1,4 1,6 2,4 2,5 2,6 3,4 3,5 3,6 4,5
15869	1 12	0,5 0,6 1,4 1,6 2,4 2,5 2,6 3,4 3,5 3,6 4,5 5,6
15871	1 13	0,5 0,6 1,4 1,6 2,4 2,5 2,6 3,4 3,5 3,6 4,5 4,6 5,6
16316	1 11	0,5 0,6 1,4 1,5 1,6 2,4 2,5 2,6 3,4 3,5 3,6
16317	1 12	0,5 0,6 1,4 1,5 1,6 2,4 2,5 2,6 3,4 3,5 3,6 5,6
16318	1 12	0,5 0,6 1,4 1,5 1,6 2,4 2,5 2,6 3,4 3,5 3,6 4,6
16319	1 13	0,5 0,6 1,4 1,5 1,6 2,4 2,5 2,6 3,4 3,5 3,6 4,6 5,6
16382	1 13	0,5 0,6 1,4 1,5 1,6 2,4 2,5 2,6 3,4 3,5 3,6 4,5 4,6
16383	1 14	0,5 0,6 1,4 1,5 1,6 2,4 2,5 2,6 3,4 3,5 3,6 4,5 4,6 5,6
32700	1 12	0,4 0,5 0,6 1,4 1,5 1,6 2,4 2,5 2,6 3,4 3,5 3,6
32701	1 13	0,4 0,5 0,6 1,4 1,5 1,6 2,4 2,5 2,6 3,4 3,5 3,6 5,6
32703	1 14	0,4 0,5 0,6 1,4 1,5 1,6 2,4 2,5 2,6 3,4 3,5 3,6 4,6 5,6
32767	1 15	0,4 0,5 0,6 1,4 1,5 1,6 2,4 2,5 2,6 3,4 3,5 3,6 4,5 4,6 5,6
39375	0 10	2,3 2,4 2,5 2,6 3,4 3,5 3,6 4,5 4,6 5,6
39376	0 7	1,6 2,3 2,4 2,5 3,4 3,5 4,5
39377	0 8	1,6 2,3 2,4 2,5 3,4 3,5 4,5 5,6
39379	0 9	1,6 2,3 2,4 2,5 3,4 3,5 4,5 4,6 5,6
39383	0 10	1,6 2,3 2,4 2,5 3,4 3,5 3,6 4,5 4,6 5,6
39391	0 11	1,6 2,3 2,4 2,5 2,6 3,4 3,5 3,6 4,5 4,6 5,6
39408	0 8	0,6 1,6 2,3 2,4 2,5 3,4 3,5 4,5
39409	1 9	0,6 1,6 2,3 2,4 2,5 3,4 3,5 4,5 5,6
39411	1 10	0,6 1,6 2,3 2,4 2,5 3,4 3,5 4,5 4,6 5,6
39415	1 11	0,6 1,6 2,3 2,4 2,5 3,4 3,5 3,6 4,5 4,6 5,6
39423	1 12	0,6 1,6 2,3 2,4 2,5 2,6 3,4 3,5 3,6 4,5 4,6 5,6
39441	0 6	1,5 1,6 2,3 2,4 3,4 5,6
39443	0 7	1,5 1,6 2,3 2,4 3,4 4,6 5,6
39447	0 8	1,5 1,6 2,3 2,4 3,4 3,6 4,6 5,6
39455	0 9	1,5 1,6 2,3 2,4 2,6 3,4 3,6 4,6 5,6
39456	0 5	0,6 1,5 2,3 2,4 3,4
39457	0 6	0,6 1,5 2,3 2,4 3,4 5,6
39458	0 6	0,6 1,5 2,3 2,4 3,4 4,6
39459	1 7	0,6 1,5 2,3 2,4 3,4 4,6 5,6
39462	0 7	0,6 1,5 2,3 2,4 3,4 3,6 4,6
39463	1 8	0,6 1,5 2,3 2,4 3,4 3,6 4,6 5,6
39470	0 8	0,6 1,5 2,3 2,4 2,6 3,4 3,6 4,6
39471	1 9	0,6 1,5 2,3 2,4 2,6 3,4 3,6 4,6 5,6
39473	0 7	0,6 1,5 1,6 2,3 2,4 3,4 5,6
39475	1 8	0,6 1,5 1,6 2,3 2,4 3,4 4,6 5,6
39479	1 9	0,6 1,5 1,6 2,3 2,4 3,4 3,6 4,6 5,6
39487	1 10	0,6 1,5 1,6 2,3 2,4 2,6 3,4 3,6 4,6 5,6
39509	0 8	1,5 1,6 2,3 2,4 3,4 3,6 4,5 5,6
39511	0 9	1,5 1,6 2,3 2,4 3,4 3,6 4,5 4,6 5,6
39516	0 8	1,5 1,6 2,3 2,4 2,6 3,4 3,6 4,5
39517	0 9	1,5 1,6 2,3 2,4 2,6 3,4 3,6 4,5 5,6
39518	0 9	1,5 1,6 2,3 2,4 2,6 3,4 3,6 4,5 4,6
39519	0 10	1,5 1,6 2,3 2,4 2,6 3,4 3,6 4,5 4,6 5,6
39522	1 7	0,6 1,5 2,3 2,4 3,4 4,5 4,6
39523	1 8	0,6 1,5 2,3 2,4 3,4 4,5 4,6 5,6
39524	1 7	0,6 1,5 2,3 2,4 3,4 3,6 4,5
39525	1 8	0,6 1,5 2,3 2,4 3,4 3,6 4,5 5,6
39526	1 8	0,6 1,5 2,3 2,4 3,4 3,6 4,5 4,6
39527	1 9	0,6 1,5 2,3 2,4 3,4 3,6 4,5 4,6 5,6
39532	1 8	0,6 1,5 2,3 2,4 2,6 3,4 3,6 4,5
39533	1 9	0,6 1,5 2,3 2,4 2,6 3,4 3,6 4,5 5,6
39534	1 9	0,6 1,5 2,3 2,4 2,6 3,4 3,6 4,5 4,6
39535	1 10	0,6 1,5 2,3 2,4 2,6 3,4 3,6 4,5 4,6 5,6
39536	1 7	0,6 1,5 1,6 2,3 2,4 3,4 4,5
39537	1 8	0,6 1,5 1,6 2,3 2,4 3,4 4,5 5,6
39538	1 8	0,6 1,5 1,6 2,3 2,4 3,4 4,5 4,6
39539	1 9	0,6 1,5 1,6 2,3 2,4 3,4 4,5 4,6 5,6
39540	1 8	0,6 1,5 1,6 2,3 2,4 3,4 3,6 4,5
39541	1 9	0,6 1,5 1,6 2,3 2,4 3,4 3,6 4,5 5,6
39542	1 9	0,6 1,5 1,6 2,3 2,4 3,4 3,6 4,5 4,6
39543	1 10	0,6 1,5 1,6 2,3 2,4 3,4 3,6 4,5 4,6 5,6
39548	1 9	0,6 1,5 1,6 2,3 2,4 2,6 3,4 3,6 4,5
39549	1 10	0,6 1,5 1,6 2,3 2,4 2,6 3,4 3,6 4,5 5,6
39550	1 10	0,6 1,5 1,6 2,3 2,4 2,6 3,4 3,6 4,5 4,6
39551	1 11	0,6 1,5 1,6 2,3 2,4 2,6 3,4 3,6 4,5 4,6 5,6
39639	0 10	1,5 1,6 2,3 2,4 3,4 3,5 3,6 4,5 4,6 5,6
39642	0 9	1,5 1,6 2,3 2,4 2,6 3,4 3,5 4,5 4,6
39643	0 10	1,5 1,6 2,3 2,4 2,6 3,4 3,5 4,5 4,6 5,6
39646	0 10	1,5 1,6 2,3 2,4 2,6 3,4 3,5 3,6 4,5 4,6
39647	0 11	1,5 1,6 2,3 2,4 2,6 3,4 3,5 3,6 4,5 4,6 5,6
39654	1 9	0,6 1,5 2,3 2,4 3,4 3,5 3,6 4,5 4,6
39655	1 10	0,6 1,5 2,3 2,4 3,4 3,5 3,6 4,5 4,6 5,6
39658	1 9	0,6 1,5 2,3 2,4 2,6 3,4 3,5 4,5 4,6
39659	1 10	0,6 1,5 2,3 2,4 2,6 3,4 3,5 4,5 4,6 5,6
39662	1 10	0,6 1,5 2,3 2,4 2,6 3,4 3,5 3,6 4,5 4,6
39663	1 11	0,6 1,5 2,3 2,4 2,6 3,4 3,5 3,6 4,5 4,6 5,6
39664	1 8	0,6 1,5 1,6 2,3 2,4 3,4 3,5 4,5
39665	1 9	0,6 1,5 1,6 2,3 2,4 3,4 3,5 4,5 5,6
39666	1 9	0,6 1,5 1,6 2,3 2,4 3,4 3,5 4,5 4,6
39667	1 10	0,6 1,5 1,6 2,3 2,4 3,4 3,5 4,5 4,6 5,6
39670	1 10	0,6 1,5 1,6 2,3 2,4 3,4 3,5 3,6 4,5 4,6
39671	1 11	0,6 1,5 1,6 2,3 2,4 3,4 3,5 3,6 4,5 4,6 5,6
39672	1 9	0,6 1,5 1,6 2,3 2,4 2,6 3,4 3,5 4,5
39673	1 10	0,6 1,5 1,6 2,3 2,4 2,6 3,4 3,5 4,5 5,6
39674	1 10	0,6 1,5 1,6 2,3 2,4 2,6 3,4 3,5 4,5 4,6
39675	1 11	0,6 1,5 1,6 2,3 2,4 2,6 3,4 3,5 4,5 4,6 5,6
39678	1 11	0,6 1,5 1,6 2,3 2,4 2,6 3,4 3,5 3,6 4,5 4,6
39679	1 12	0,6 1,5 1,6 2,3 2,4 2,6 3,4 3,5 3,6 4,5 4,6 5,6
39902	0 11	1,5 1,6 2,3 2,4 2,5 2,6 3,4 3,5 3,6 4,5 4,6
39903	0 12	1,5 1,6 2,3 2,4 2,5 2,6 3,4 3,5 3,6 4,5 4,6 5,6
39918	1 11	0,6 1,5 2,3 2,4 2,5 2,6 3,4 3,5 3,6 4,5 4,6
39919	1 12	0,6 1,5 2,3 2,4 2,5 2,6 3,4 3,5 3,6 4,5 4,6 5,6
39920	1 9	0,6 1,5 1,6 2,3 2,4 2,5 3,4 3,5 4,5
39921	1 10	0,6 1,5 1,6 2,3 2,4 2,5 3,4 3,5 4,5 5,6
39922	1 10	0,6 1,5 1,6 2,3 2,4 2,5 3,4 3,5 4,5 4,6
39923	1 11	0,6 1,5 1,6 2,3 2,4 2,5 3,4 3,5 4,5 4,6 5,6
39926	1 11	0,6 1,5 1,6 2,3 2,4 2,5 3,4 3,5 3,6 4,5 4,6
39927	1 12	0,6 1,5 1,6 2,3 2,4 2,5 3,4 3,5 3,6 4,5 4,6 5,6
39934	1 12	0,6 1,5 1,6 2,3 2,4 2,5 2,6 3,4 3,5 3,6 4,5 4,6
39935	1 13	0,6 1,5 1,6 2,3 2,4 2,5 2,6 3,4 3,5 3,6 4,5 4,6 5,6
40496	0 7	0,5 0,6 1,5 1,6 2,3 2,4 3,4
40497	0 8	0,5 0,6 1,5 1,6 2,3 2,4 3,4 5,6
40498	1 8	0,5 0,6 1,5 1,6 2,3 2,4 3,4 4,6
40499	1 9	0,5 0,6 1,5 1,6 2,3 2,4 3,4 4,6 5,6
40502	1 9	0,5 0,6 1,5 1,6 2,3 2,4 3,4 3,6 4,6
40503	1 10	0,5 0,6 1,5 1,6 2,3 2,4 3,4 3,6 4,6 5,6
40510	1 10	0,5 0,6 1,5 1,6 2,3 2,4 2,6 3,4 3,6 4,6
40511	1 11	0,5 0,6 1,5 1,6 2,3 2,4 2,6 3,4 3,6 4,6 5,6
40562	1 9	0,5 0,6 1,5 1,6 2,3 2,4 3,4 4,5 4,6
40563	1 10	0,5 0,6 1,5 1,6 2,3 2,4 3,4 4,5 4,6 5,6
40564	1 9	0,5 0,6 1,5 1,6 2,3 2,4 3,4 3,6 4,5
40565	1 10	0,5 0,6 1,5 1,6 2,3 2,4 3,4 3,6 4,5 5,6
40566	1 10	0,5 0,6 1,5 1,6 2,3 2,4 3,4 3,6 4,5 4,6
40567	1 11	0,5 0,6 1,5 1,6 2,3 2,4 3,4 3,6 4,5 4,6 5,6
40572	1 10	0,5 0,6 1,5 1,6 2,3 2,4 2,6 3,4 3,6 4,5
40573	1 11	0,5 0,6 1,5 1,6 2,3 2,4 2,6 3,4 3,6 4,5 5,6
40574	1 11	0,5 0,6 1,5 1,6 2,3 2,4 2,6 3,4 3,6 4,5 4,6
40575	1 12	0,5 0,6 1,5 1,6 2,3 2,4 2,6 3,4 3,6 4,5 4,6 5,6
40694	1 11	0,5 0,6 1,5 1,6 2,3 2,4 3,4 3,5 3,6 4,5 4,6
40695	1 12	0,5 0,6 1,5 1,6 2,3 2,4 3,4 3,5 3,6 4,5 4,6 5,6
40698	1 11	0,5 0,6 1,5 1,6 2,3 2,4 2,6 3,4 3,5 4,5 4,6
40699	1 12	0,5 0,6 1,5 1,6 2,3 2,4 2,6 3,4 3,5 4,5 4,6 5,6
40702	1 12	0,5 0,6 1,5 1,6 2,3 2,4 2,6 3,4 3,5 3,6 4,5 4,6
40703	1 13	0,5 0,6 1,5 1,6 2,3 2,4 2,6 3,4 3,5 3,6 4,5 4,6 5,6
40958	1 13	0,5 0,6 1,5 1,6 2,3 2,4 2,5 2,6 3,4 3,5 3,6 4,5 4,6
40959	1 14	0,5 0,6 1,5 1,6 2,3 2,4 2,5 2,6 3,4 3,5 3,6 4,5 4,6 5,6
41950	0 10	1,4 1,5 1,6 2,3 2,5 2,6 3,5 3,6 4,5 4,6
41951	0 11	1,4 1,5 1,6 2,3 2,5 2,6 3,5 3,6 4,5 4,6 5,6
41952	0 7	0,6 1,4 1,5 2,3 2,5 3,5 4,5
41953	1 8	0,6 1,4 1,5 2,3 2,5 3,5 4,5 5,6
41954	1 8	0,6 1,4 1,5 2,3 2,5 3,5 4,5 4,6
41955	1 9	0,6 1,4 1,5 2,3 2,5 3,5 4,5 4,6 5,6
41958	1 9	0,6 1,4 1,5 2,3 2,5 3,5 3,6 4,5 4,6
41959	1 10	0,6 1,4 1,5 2,3 2,5 3,5 3,6 4,5 4,6 5,6
41964	1 9	0,6 1,4 1,5 2,3 2,5 2,6 3,5 3,6 4,5
41965	1 10	0,6 1,4 1,5 2,3 2,5 2,6 3,5 3,6 4,5 5,6
41966	1 10	0,6 1,4 1,5 2,3 2,5 2,6 3,5 3,6 4,5 4,6
41967	1 11	0,6 1,4 1,5 2,3 2,5 2,6 3,5 3,6 4,5 4,6 5,6
41982	1 11	0,6 1,4 1,5 1,6 2,3 2,5 2,6 3,5 3,6 4,5 4,6
41983	1 12	0,6 1,4 1,5 1,6 2,3 2,5 2,6 3,5 3,6 4,5 4,6 5,6
42047	1 9	0,5 0,6 1,4 1,6 2,3 2,6 3,6 4,6 5,6
42096	0 6	0,5 0,6 1,4 1,6 2,3 4,5
42097	0 7	0,5 0,6 1,4 1,6 2,3 4,5 5,6
42099	0 8	0,5 0,6 1,4 1,6 2,3 4,5 4,6 5,6
42100	1 7	0,5 0,6 1,4 1,6 2,3 3,6 4,5
42101	1 8	0,5 0,6 1,4 1,6 2,3 3,6 4,5 5,6
42103	1 9	0,5 0,6 1,4 1,6 2,3 3,6 4,5 4,6 5,6
42108	1 8	0,5 0,6 1,4 1,6 2,3 2,6 3,6 4,5
42109	1 9	0,5 0,6 1,4 1,6 2,3 2,6 3,6 4,5 5,6
42111	1 10	0,5 0,6 1,4 1,6 2,3 2,6 3,6 4,5 4,6 5,6
42218	1 8	0,5 0,6 1,4 2,3 2,6 3,5 4,5 4,6
42219	1 9	0,5 0,6 1,4 2,3 2,6 3,5 4,5 4,6 5,6
42220	1 8	0,5 0,6 1,4 2,3 2,6 3,5 3,6 4,5
42221	1 9	0,5 0,6 1,4 2,3 2,6 3,5 3,6 4,5 5,6
42222	1 9	0,5 0,6 1,4 2,3 2,6 3,5 3,6 4,5 4,6
42223	1 10	0,5 0,6 1,4 2,3 2,6 3,5 3,6 4,5 4,6 5,6
42232	1 8	0,5 0,6 1,4 1,6 2,3 2,6 3,5 4,5
42233	1 9	0,5 0,6 1,4 1,6 2,3 2,6 3,5 4,5 5,6
42234	1 9	0,5 0,6 1,4 1,6 2,3 2,6 3,5 4,5 4,6
42235	1 10	0,5 0,6 1,4 1,6 2,3 2,6 3,5 4,5 4,6 5,6
42238	1 10	0,5 0,6 1,4 1,6 2,3 2,6 3,5 3,6 4,5 4,6
42239	1 11	0,5 0,6 1,4 1,6 2,3 2,6 3,5 3,6 4,5 4,6 5,6
42412	0 8	0,5 0,6 1,4 2,3 2,5 2,6 3,5 3,6
42413	0 9	0,5 0,6 1,4 2,3 2,5 2,6 3,5 3,6 5,6
42414	1 9	0,5 0,6 1,4 2,3 2,5 2,6 3,5 3,6 4,6
42415	1 10	0,5 0,6 1,4 2,3 2,5 2,6 3,5 3,6 4,6 5,6
42418	1 8	0,5 0,6 1,4 1,6 2,3 2,5 3,5 4,6
42419	1 9	0,5 0,6 1,4 1,6 2,3 2,5 3,5 4,6 5,6
42422	1 9	0,5 0,6 1,4 1,6 2,3 2,5 3,5 3,6 4,6
42423	1 10	0,5 0,6 1,4 1,6 2,3 2,5 3,5 3,6 4,6 5,6
42430	1 10	0,5 0,6 1,4 1,6 2,3 2,5 2,6 3,5 3,6 4,6
42431	1 11	0,5 0,6 1,4 1,6 2,3 2,5 2,6 3,5 3,6 4,6 5,6
42478	1 10	0,5 0,6 1,4 2,3 2,5 2,6 3,5 3,6 4,5 4,6
42479	1 11	0,5 0,6 1,4 2,3 2,5 2,6 3,5 3,6 4,5 4,6 5,6
42486	1 10	0,5 0,6 1,4 1,6 2,3 2,5 3,5 3,6 4,5 4,6
42487	1 11	0,5 0,6 1,4 1,6 2,3 2,5 3,5 3,6 4,5 4,6 5,6
42492	1 10	0,5 0,6 1,4 1,6 2,3 2,5 2,6 3,5 3,6 4,5
42493	1 11	0,5 0,6 1,4 1,6 2,3 2,5 2,6 3,5 3,6 4,5 5,6
42494	1 11	0,5 0,6 1,4 1,6 2,3 2,5 2,6 3,5 3,6 4,5 4,6
42495	1 12	0,5 0,6 1,4 1,6 2,3 2,5 2,6 3,5 3,6 4,5 4,6 5,6
43006	1 12	0,5 0,6 1,4 1,5 1,6 2,3 2,5 2,6 3,5 3,6 4,5 4,6
43007	1 13	0,5 0,6 1,4 1,5 1,6 2,3 2,5 2,6 3,5 3,6 4,5 4,6 5,6
43807	0 10	1,4 1,5 1,6 2,3 2,5 2,6 3,4 3,6 4,6 5,6
43814	1 8	0,6 1,4 1,5 2,3 2,5 3,4 3,6 4,6
43815	1 9	0,6 1,4 1,5 2,3 2,5 3,4 3,6 4,6 5,6
43821	1 9	0,6 1,4 1,5 2,3 2,5 2,6 3,4 3,6 5,6
43823	1 10	0,6 1,4 1,5 2,3 2,5 2,6 3,4 3,6 4,6 5,6
43839	1 11	0,6 1,4 1,5 1,6 2,3 2,5 2,6 3,4 3,6 4,6 5,6
43868	0 9	1,4 1,5 1,6 2,3 2,5 2,6 3,4 3,6 4,5
43869	0 10	1,4 1,5 1,6 2,3 2,5 2,6 3,4 3,6 4,5 5,6
43871	0 11	1,4 1,5 1,6 2,3 2,5 2,6 3,4 3,6 4,5 4,6 5,6
43878	1 9	0,6 1,4 1,5 2,3 2,5 3,4 3,6 4,5 4,6
43879	1 10	0,6 1,4 1,5 2,3 2,5 3,4 3,6 4,5 4,6 5,6
43884	1 9	0,6 1,4 1,5 2,3 2,5 2,6 3,4 3,6 4,5
43885	1 10	0,6 1,4 1,5 2,3 2,5 2,6 3,4 3,6 4,5 5,6
43887	1 11	0,6 1,4 1,5 2,3 2,5 2,6 3,4 3,6 4,5 4,6 5,6
43888	1 8	0,6 1,4 1,5 1,6 2,3 2,5 3,4 4,5
43889	1 9	0,6 1,4 1,5 1,6 2,3 2,5 3,4 4,5 5,6
43891	1 10	0,6 1,4 1,5 1,6 2,3 2,5 3,4 4,5 4,6 5,6
43892	1 9	0,6 1,4 1,5 1,6 2,3 2,5 3,4 3,6 4,5
43893	1 10	0,6 1,4 1,5 1,6 2,3 2,5 3,4 3,6 4,5 5,6
43894	1 10	0,6 1,4 1,5 1,6 2,3 2,5 3,4 3,6 4,5 4,6
43895	1 11	0,6 1,4 1,5 1,6 2,3 2,5 3,4 3,6 4,5 4,6 5,6
43900	1 10	0,6 1,4 1,5 1,6 2,3 2,5 2,6 3,4 3,6 4,5
43901	1 11	0,6 1,4 1,5 1,6 2,3 2,5 2,6 3,4 3,6 4,5 5,6
43903	1 12	0,6 1,4 1,5 1,6 2,3 2,5 2,6 3,4 3,6 4,5 4,6 5,6
43998	0 11	1,4 1,5 1,6 2,3 2,5 2,6 3,4 3,5 3,6 4,5 4,6
43999	0 12	1,4 1,5 1,6 2,3 2,5 2,6 3,4 3,5 3,6 4,5 4,6 5,6
44006	1 10	0,6 1,4 1,5 2,3 2,5 3,4 3,5 3,6 4,5 4,6
44007	1 11	0,6 1,4 1,5 2,3 2,5 3,4 3,5 3,6 4,5 4,6 5,6
44008	1 9	0,6 1,4 1,5 2,3 2,5 2,6 3,4 3,5 4,5
44009	1 10	0,6 1,4 1,5 2,3 2,5 2,6 3,4 3,5 4,5 5,6
44010	1 10	0,6 1,4 1,5 2,3 2,5 2,6 3,4 3,5 4,5 4,6
44011	1 11	0,6 1,4 1,5 2,3 2,5 2,6 3,4 3,5 4,5 4,6 5,6
44012	1 10	0,6 1,4 1,5 2,3 2,5 2,6 3,4 3,5 3,6 4,5
44013	1 11	0,6 1,4 1,5 2,3 2,5 2,6 3,4 3,5 3,6 4,5 5,6
44014	1 11	0,6 1,4 1,5 2,3 2,5 2,6 3,4 3,5 3,6 4,5 4,6
44015	1 12	0,6 1,4 1,5 2,3 2,5 2,6 3,4 3,5 3,6 4,5 4,6 5,6
44024	1 10	0,6 1,4 1,5 1,6 2,3 2,5 2,6 3,4 3,5 4,5
44025	1 11	0,6 1,4 1,5 1,6 2,3 2,5 2,6 3,4 3,5 4,5 5,6
44026	1 11	0,6 1,4 1,5 1,6 2,3 2,5 2,6 3,4 3,5 4,5 4,6
44027	1 12	0,6 1,4 1,5 1,6 2,3 2,5 2,6 3,4 3,5 4,5 4,6 5,6
44030	1 12	0,6 1,4 1,5 1,6 2,3 2,5 2,6 3,4 3,5 3,6 4,5 4,6
44031	1 13	0,6 1,4 1,5 1,6 2,3 2,5 2,6 3,4 3,5 3,6 4,5 4,6 5,6
44280	1 9	0,5 0,6 1,4 1,6 2,3 2,6 3,4 3,5 4,5
44281	1 10	0,5 0,6 1,4 1,6 2,3 2,6 3,4 3,5 4,5 5,6
44283	1 11	0,5 0,6 1,4 1,6 2,3 2,6 3,4 3,5 4,5 4,6 5,6
44287	1 12	0,5 0,6 1,4 1,6 2,3 2,6 3,4 3,5 3,6 4,5 4,6 5,6
44336	1 7	0,5 0,6 1,4 1,6 2,3 2,5 3,4
44337	1 8	0,5 0,6 1,4 1,6 2,3 2,5 3,4 5,6
44339	1 9	0,5 0,6 1,4 1,6 2,3 2,5 3,4 4,6 5,6
44340	1 8	0,5 0,6 1,4 1,6 2,3 2,5 3,4 3,6
44341	1 9	0,5 0,6 1,4 1,6 2,3 2,5 3,4 3,6 5,6
44342	1 9	0,5 0,6 1,4 1,6 2,3 2,5 3,4 3,6 4,6
44343	1 10	0,5 0,6 1,4 1,6 2,3 2,5 3,4 3,6 4,6 5,6
44348	1 9	0,5 0,6 1,4 1,6 2,3 2,5 2,6 3,4 3,6
44349	1 10	0,5 0,6 1,4 1,6 2,3 2,5 2,6 3,4 3,6 5,6
44351	1 11	0,5 0,6 1,4 1,6 2,3 2,5 2,6 3,4 3,6 4,6 5,6
44403	1 10	0,5 0,6 1,4 1,6 2,3 2,5 3,4 4,5 4,6 5,6
44404	1 9	0,5 0,6 1,4 1,6 2,3 2,5 3,4 3,6 4,5
44405	1 10	0,5 0,6 1,4 1,6 2,3 2,5 3,4 3,6 4,5 5,6
44406	1 10	0,5 0,6 1,4 1,6 2,3 2,5 3,4 3,6 4,5 4,6
44407	1 11	0,5 0,6 1,4 1,6 2,3 2,5 3,4 3,6 4,5 4,6 5,6
44412	1 10	0,5 0,6 1,4 1,6 2,3 2,5 2,6 3,4 3,6 4,5
44413	1 11	0,5 0,6 1,4 1,6 2,3 2,5 2,6 3,4 3,6 4,5 5,6
44415	1 12	0,5 0,6 1,4 1,6 2,3 2,5 2,6 3,4 3,6 4,5 4,6 5,6
44460	1 9	0,5 0,6 1,4 2,3 2,5 2,6 3,4 3,5 3,6
44461	1 10	0,5 0,6 1,4 2,3 2,5 2,6 3,4 3,5 3,6 5,6
44462	1 10	0,5 0,6 1,4 2,3 2,5 2,6 3,4 3,5 3,6 4,6
44463	1 11	0,5 0,6 1,4 2,3 2,5 2,6 3,4 3,5 3,6 4,6 5,6
44466	1 9	0,5 0,6 1,4 1,6 2,3 2,5 3,4 3,5 4,6
44467	1 10	0,5 0,6 1,4 1,6 2,3 2,5 3,4 3,5 4,6 5,6
44470	1 10	0,5 0,6 1,4 1,6 2,3 2,5 3,4 3,5 3,6 4,6
44471	1 11	0,5 0,6 1,4 1,6 2,3 2,5 3,4 3,5 3,6 4,6 5,6
44472	1 9	0,5 0,6 1,4 1,6 2,3 2,5 2,6 3,4 3,5
44473	1 10	0,5 0,6 1,4 1,6 2,3 2,5 2,6 3,4 3,5 5,6
44474	1 10	0,5 0,6 1,4 1,6 2,3 2,5 2,6 3,4 3,5 4,6
44475	1 11	0,5 0,6 1,4 1,6 2,3 2,5 2,6 3,4 3,5 4,6 5,6
44476	1 10	0,5 0,6 1,4 1,6 2,3 2,5 2,6 3,4 3,5 3,6
44477	1 11	0,5 0,6 1,4 1,6 2,3 2,5 2,6 3,4 3,5 3,6 5,6
44478	1 11	0,5 0,6 1,4 1,6 2,3 2,5 2,6 3,4 3,5 3,6 4,6
44479	1 12	0,5 0,6 1,4 1,6 2,3 2,5 2,6 3,4 3,5 3,6 4,6 5,6
44526	1 11	0,5 0,6 1,4 2,3 2,5 2,6 3,4 3,5 3,6 4,5 4,6
44527	1 12	0,5 0,6 1,4 2,3 2,5 2,6 3,4 3,5 3,6 4,5 4,6 5,6
44534	1 11	0,5 0,6 1,4 1,6 2,3 2,5 3,4 3,5 3,6 4,5 4,6
44535	1 12	0,5 0,6 1,4 1,6 2,3 2,5 3,4 3,5 3,6 4,5 4,6 5,6
44536	1 10	0,5 0,6 1,4 1,6 2,3 2,5 2,6 3,4 3,5 4,5
44537	1 11	0,5 0,6 1,4 1,6 2,3 2,5 2,6 3,4 3,5 4,5 5,6
44538	1 11	0,5 0,6 1,4 1,6 2,3 2,5 2,6 3,4 3,5 4,5 4,6
44539	1 12	0,5 0,6 1,4 1,6 2,3 2,5 2,6 3,4 3,5 4,5 4,6 5,6
44540	1 11	0,5 0,6 1,4 1,6 2,3 2,5 2,6 3,4 3,5 3,6 4,5
44541	1 12	0,5 0,6 1,4 1,6 2,3 2,5 2,6 3,4 3,5 3,6 4,5 5,6
44542	1 12	0,5 0,6 1,4 1,6 2,3 2,5 2,6 3,4 3,5 3,6 4,5 4,6
44543	1 13	0,5 0,6 1,4 1,6 2,3 2,5 2,6 3,4 3,5 3,6 4,5 4,6 5,6
44856	1 9	0,5 0,6 1,4 1,5 1,6 2,3 2,5 2,6 3,4
44857	1 10	0,5 0,6 1,4 1,5 1,6 2,3 2,5 2,6 3,4 5,6
44858	1 10	0,5 0,6 1,4 1,5 1,6 2,3 2,5 2,6 3,4 4,6
44859	1 11	0,5 0,6 1,4 1,5 1,6 2,3 2,5 2,6 3,4 4,6 5,6
44862	1 11	0,5 0,6 1,4 1,5 1,6 2,3 2,5 2,6 3,4 3,6 4,6
44863	1 12	0,5 0,6 1,4 1,5 1,6 2,3 2,5 2,6 3,4 3,6 4,6 5,6
44922	1 11	0,5 0,6 1,4 1,5 1,6 2,3 2,5 2,6 3,4 4,5 4,6
44923	1 12	0,5 0,6 1,4 1,5 1,6 2,3 2,5 2,6 3,4 4,5 4,6 5,6
44924	1 11	0,5 0,6 1,4 1,5 1,6 2,3 2,5 2,6 3,4 3,6 4,5
44925	1 12	0,5 0,6 1,4 1,5 1,6 2,3 2,5 2,6 3,4 3,6 4,5 5,6
44926	1 12	0,5 0,6 1,4 1,5 1,6 2,3 2,5 2,6 3,4 3,6 4,5 4,6
44927	1 13	0,5 0,6 1,4 1,5 1,6 2,3 2,5 2,6 3,4 3,6 4,5 4,6 5,6
45054	1 13	0,5 0,6 1,4 1,5 1,6 2,3 2,5 2,6 3,4 3,5 3,6 4,5 4,6
45055	1 14	0,5 0,6 1,4 1,5 1,6 2,3 2,5 2,6 3,4 3,5 3,6 4,5 4,6 5,6
48029	0 11	1,4 1,5 1,6 2,3 2,4 2,5 2,6 3,4 3,5 3,6 5,6
48031	0 12	1,4 1,5 1,6 2,3 2,4 2,5 2,6 3,4 3,5 3,6 4,6 5,6
48044	1 10	0,6 1,4 1,5 2,3 2,4 2,5 2,6 3,4 3,5 3,6
48045	1 11	0,6 1,4 1,5 2,3 2,4 2,5 2,6 3,4 3,5 3,6 5,6
48047	1 12	0,6 1,4 1,5 2,3 2,4 2,5 2,6 3,4 3,5 3,6 4,6 5,6
48048	1 9	0,6 1,4 1,5 1,6 2,3 2,4 2,5 3,4 3,5
48049	1 10	0,6 1,4 1,5 1,6 2,3 2,4 2,5 3,4 3,5 5,6
48051	1 11	0,6 1,4 1,5 1,6 2,3 2,4 2,5 3,4 3,5 4,6 5,6
48052	1 10	0,6 1,4 1,5 1,6 2,3 2,4 2,5 3,4 3,5 3,6
48053	1 11	0,6 1,4 1,5 1,6 2,3 2,4 2,5 3,4 3,5 3,6 5,6
48055	1 12	0,6 1,4 1,5 1,6 2,3 2,4 2,5 3,4 3,5 3,6 4,6 5,6
48060	1 11	0,6 1,4 1,5 1,6 2,3 2,4 2,5 2,6 3,4 3,5 3,6
48061	1 12	0,6 1,4 1,5 1,6 2,3 2,4 2,5 2,6 3,4 3,5 3,6 5,6
48063	1 13	0,6 1,4 1,5 1,6 2,3 2,4 2,5 2,6 3,4 3,5 3,6 4,6 5,6
48095	0 13	1,4 1,5 1,6 2,3 2,4 2,5 2,6 3,4 3,5 3,6 4,5 4,6 5,6
48108	1 11	0,6 1,4 1,5 2,3 2,4 2,5 2,6 3,4 3,5 3,6 4,5
48109	1 12	0,6 1,4 1,5 2,3 2,4 2,5 2,6 3,4 3,5 3,6 4,5 5,6
48111	1 13	0,6 1,4 1,5 2,3 2,4 2,5 2,6 3,4 3,5 3,6 4,5 4,6 5,6
48112	1 10	0,6 1,4 1,5 1,6 2,3 2,4 2,5 3,4 3,5 4,5
48113	1 11	0,6 1,4 1,5 1,6 2,3 2,4 2,5 3,4 3,5 4,5 5,6
48115	1 12	0,6 1,4 1,5 1,6 2,3 2,4 2,5 3,4 3,5 4,5 4,6 5,6
48116	1 11	0,6 1,4 1,5 1,6 2,3 2,4 2,5 3,4 3,5 3,6 4,5
48117	1 12	0,6 1,4 1,5 1,6 2,3 2,4 2,5 3,4 3,5 3,6 4,5 5,6
48119	1 13	0,6 1,4 1,5 1,6 2,3 2,4 2,5 3,4 3,5 3,6 4,5 4,6 5,6
48124	1 12	0,6 1,4 1,5 1,6 2,3 2,4 2,5 2,6 3,4 3,5 3,6 4,5
48125	1 13	0,6 1,4 1,5 1,6 2,3 2,4 2,5 2,6 3,4 3,5 3,6 4,5 5,6
48127	1 14	0,6 1,4 1,5 1,6 2,3 2,4 2,5 2,6 3,4 3,5 3,6 4,5 4,6 5,6
48560	1 9	0,5 0,6 1,4 1,6 2,3 2,4 2,5 3,4 3,5
48561	1 10	0,5 0,6 1,4 1,6 2,3 2,4 2,5 3,4 3,5 5,6
48563	1 11	0,5 0,6 1,4 1,6 2,3 2,4 2,5 3,4 3,5 4,6 5,6
48564	1 10	0,5 0,6 1,4 1,6 2,3 2,4 2,5 3,4 3,5 3,6
48565	1 11	0,5 0,6 1,4 1,6 2,3 2,4 2,5 3,4 3,5 3,6 5,6
48567	1 12	0,5 0,6 1,4 1,6 2,3 2,4 2,5 3,4 3,5 3,6 4,6 5,6
48572	1 11	0,5 0,6 1,4 1,6 2,3 2,4 2,5 2,6 3,4 3,5 3,6
48573	1 12	0,5 0,6 1,4 1,6 2,3 2,4 2,5 2,6 3,4 3,5 3,6 5,6
48575	1 13	0,5 0,6 1,4 1,6 2,3 2,4 2,5 2,6 3,4 3,5 3,6 4,6 5,6
48624	1 10	0,5 0,6 1,4 1,6 2,3 2,4 2,5 3,4 3,5 4,5
48625	1 11	0,5 0,6 1,4 1,6 2,3 2,4 2,5 3,4 3,5 4,5 5,6
48627	1 12	0,5 0,6 1,4 1,6 2,3 2,4 2,5 3,4 3,5 4,5 4,6 5,6
48628	1 11	0,5 0,6 1,4 1,6 2,3 2,4 2,5 3,4 3,5 3,6 4,5
48629	1 12	0,5 0,6 1,4 1,6 2,3 2,4 2,5 3,4 3,5 3,6 4,5 5,6
48631	1 13	0,5 0,6 1,4 1,6 2,3 2,4 2,5 3,4 3,5 3,6 4,5 4,6 5,6
48636	1 12	0,5 0,6 1,4 1,6 2,3 2,4 2,5 2,6 3,4 3,5 3,6 4,5
48637	1 13	0,5 0,6 1,4 1,6 2,3 2,4 2,5 2,6 3,4 3,5 3,6 4,5 5,6
48639	1 14	0,5 0,6 1,4 1,6 2,3 2,4 2,5 2,6 3,4 3,5 3,6 4,5 4,6 5,6
48689	1 9	0,5 0,6 1,4 1,5 1,6 2,3 2,4 3,4 5,6
48690	1 9	0,5 0,6 1,4 1,5 1,6 2,3 2,4 3,4 4,6
48691	1 10	0,5 0,6 1,4 1,5 1,6 2,3 2,4 3,4 4,6 5,6
48692	1 9	0,5 0,6 1,4 1,5 1,6 2,3 2,4 3,4 3,6
48693	1 10	0,5 0,6 1,4 1,5 1,6 2,3 2,4 3,4 3,6 5,6
48694	1 10	0,5 0,6 1,4 1,5 1,6 2,3 2,4 3,4 3,6 4,6
48695	1 11	0,5 0,6 1,4 1,5 1,6 2,3 2,4 3,4 3,6 4,6 5,6
48700	1 10	0,5 0,6 1,4 1,5 1,6 2,3 2,4 2,6 3,4 3,6
48701	1 11	0,5 0,6 1,4 1,5 1,6 2,3 2,4 2,6 3,4 3,6 5,6
48702	1 11	0,5 0,6 1,4 1,5 1,6 2,3 2,4 2,6 3,4 3,6 4,6
48703	1 12	0,5 0,6 1,4 1,5 1,6 2,3 2,4 2,6 3,4 3,6 4,6 5,6
48754	1 10	0,5 0,6 1,4 1,5 1,6 2,3 2,4 3,4 4,5 4,6
48755	1 11	0,5 0,6 1,4 1,5 1,6 2,3 2,4 3,4 4,5 4,6 5,6
48756	1 10	0,5 0,6 1,4 1,5 1,6 2,3 2,4 3,4 3,6 4,5
48757	1 11	0,5 0,6 1,4 1,5 1,6 2,3 2,4 3,4 3,6 4,5 5,6
48758	1 11	0,5 0,6 1,4 1,5 1,6 2,3 2,4 3,4 3,6 4,5 4,6
48759	1 12	0,5 0,6 1,4 1,5 1,6 2,3 2,4 3,4 3,6 4,5 4,6 5,6
48764	1 11	0,5 0,6 1,4 1,5 1,6 2,3 2,4 2,6 3,4 3,6 4,5
48765	1 12	0,5 0,6 1,4 1,5 1,6 2,3 2,4 2,6 3,4 3,6 4,5 5,6
48766	1 12	0,5 0,6 1,4 1,5 1,6 2,3 2,4 2,6 3,4 3,6 4,5 4,6
48767	1 13	0,5 0,6 1,4 1,5 1,6 2,3 2,4 2,6 3,4 3,6 4,5 4,6 5,6
48820	1 10	0,5 0,6 1,4 1,5 1,6 2,3 2,4 3,4 3,5 3,6
48821	1 11	0,5 0,6 1,4 1,5 1,6 2,3 2,4 3,4 3,5 3,6 5,6
48822	1 11	0,5 0,6 1,4 1,5 1,6 2,3 2,4 3,4 3,5 3,6 4,6
48823	1 12	0,5 0,6 1,4 1,5 1,6 2,3 2,4 3,4 3,5 3,6 4,6 5,6
48824	1 10	0,5 0,6 1,4 1,5 1,6 2,3 2,4 2,6 3,4 3,5
48825	1 11	0,5 0,6 1,4 1,5 1,6 2,3 2,4 2,6 3,4 3,5 5,6
48826	1 11	0,5 0,6 1,4 1,5 1,6 2,3 2,4 2,6 3,4 3,5 4,6
48827	1 12	0,5 0,6 1,4 1,5 1,6 2,3 2,4 2,6 3,4 3,5 4,6 5,6
48828	1 11	0,5 0,6 1,4 1,5 1,6 2,3 2,4 2,6 3,4 3,5 3,6
48829	1 12	0,5 0,6 1,4 1,5 1,6 2,3 2,4 2,6 3,4 3,5 3,6 5,6
48830	1 12	0,5 0,6 1,4 1,5 1,6 2,3 2,4 2,6 3,4 3,5 3,6 4,6
48831	1 13	0,5 0,6 1,4 1,5 1,6 2,3 2,4 2,6 3,4 3,5 3,6 4,6 5,6
48886	1 12	0,5 0,6 1,4 1,5 1,6 2,3 2,4 3,4 3,5 3,6 4,5 4,6
48887	1 13	0,5 0,6 1,4 1,5 1,6 2,3 2,4 3,4 3,5 3,6 4,5 4,6 5,6
48890	1 12	0,5 0,6 1,4 1,5 1,6 2,3 2,4 2,6 3,4 3,5 4,5 4,6
48891	1 13	0,5 0,6 1,4 1,5 1,6 2,3 2,4 2,6 3,4 3,5 4,5 4,6 5,6
48892	1 12	0,5 0,6 1,4 1,5 1,6 2,3 2,4 2,6 3,4 3,5 3,6 4,5
48893	1 13	0,5 0,6 1,4 1,5 1,6 2,3 2,4 2,6 3,4 3,5 3,6 4,5 5,6
48894	1 13	0,5 0,6 1,4 1,5 1,6 2,3 2,4 2,6 3,4 3,5 3,6 4,5 4,6
48895	1 14	0,5 0,6 1,4 1,5 1,6 2,3 2,4 2,6 3,4 3,5 3,6 4,5 4,6 5,6
49084	1 12	0,5 0,6 1,4 1,5 1,6 2,3 2,4 2,5 2,6 3,4 3,5 3,6
49085	1 13	0,5 0,6 1,4 1,5 1,6 2,3 2,4 2,5 2,6 3,4 3,5 3,6 5,6
49086	1 13	0,5 0,6 1,4 1,5 1,6 2,3 2,4 2,5 2,6 3,4 3,5 3,6 4,6
49087	1 14	0,5 0,6 1,4 1,5 1,6 2,3 2,4 2,5 2,6 3,4 3,5 3,6 4,6 5,6
49150	1 14	0,5 0,6 1,4 1,5 1,6 2,3 2,4 2,5 2,6 3,4 3,5 3,6 4,5 4,6
49151	1 15	0,5 0,6 1,4 1,5 1,6 2,3 2,4 2,5 2,6 3,4 3,5 3,6 4,5 4,6 5,6
58931	0 9	0,4 0,5 0,6 1,4 1,5 1,6 2,3 4,6 5,6
58935	1 10	0,4 0,5 0,6 1,4 1,5 1,6 2,3 3,6 4,6 5,6
58943	1 11	0,4 0,5 0,6 1,4 1,5 1,6 2,3 2,6 3,6 4,6 5,6
58995	0 10	0,4 0,5 0,6 1,4 1,5 1,6 2,3 4,5 4,6 5,6
58997	1 10	0,4 0,5 0,6 1,4 1,5 1,6 2,3 3,6 4,5 5,6
58999	1 11	0,4 0,5 0,6 1,4 1,5 1,6 2,3 3,6 4,5 4,6 5,6
59004	1 10	0,4 0,5 0,6 1,4 1,5 1,6 2,3 2,6 3,6 4,5
59005	1 11	0,4 0,5 0,6 1,4 1,5 1,6 2,3 2,6 3,6 4,5 5,6
59007	1 12	0,4 0,5 0,6 1,4 1,5 1,6 2,3 2,6 3,6 4,5 4,6 5,6
59063	1 11	0,4 0,5 0,6 1,4 1,5 1,6 2,3 3,5 3,6 4,6 5,6
59065	1 10	0,4 0,5 0,6 1,4 1,5 1,6 2,3 2,6 3,5 5,6
59066	1 10	0,4 0,5 0,6 1,4 1,5 1,6 2,3 2,6 3,5 4,6
59067	1 11	0,4 0,5 0,6 1,4 1,5 1,6 2,3 2,6 3,5 4,6 5,6
59069	1 11	0,4 0,5 0,6 1,4 1,5 1,6 2,3 2,6 3,5 3,6 5,6
59070	1 11	0,4 0,5 0,6 1,4 1,5 1,6 2,3 2,6 3,5 3,6 4,6
59071	1 12	0,4 0,5 0,6 1,4 1,5 1,6 2,3 2,6 3,5 3,6 4,6 5,6
59126	1 11	0,4 0,5 0,6 1,4 1,5 1,6 2,3 3,5 3,6 4,5 4,6
59127	1 12	0,4 0,5 0,6 1,4 1,5 1,6 2,3 3,5 3,6 4,5 4,6 5,6
59130	1 11	0,4 0,5 0,6 1,4 1,5 1,6 2,3 2,6 3,5 4,5 4,6
59131	1 12	0,4 0,5 0,6 1,4 1,5 1,6 2,3 2,6 3,5 4,5 4,6 5,6
59132	1 11	0,4 0,5 0,6 1,4 1,5 1,6 2,3 2,6 3,5 3,6 4,5
59133	1 12	0,4 0,5 0,6 1,4 1,5 1,6 2,3 2,6 3,5 3,6 4,5 5,6
59134	1 12	0,4 0,5 0,6 1,4 1,5 1,6 2,3 2,6 3,5 3,6 4,5 4,6
59135	1 13	0,4 0,5 0,6 1,4 1,5 1,6 2,3 2,6 3,5 3,6 4,5 4,6 5,6
59324	1 11	0,4 0,5 0,6 1,4 1,5 1,6 2,3 2,5 2,6 3,5 3,6
59325	1 12	0,4 0,5 0,6 1,4 1,5 1,6 2,3 2,5 2,6 3,5 3,6 5,6
59326	1 12	0,4 0,5 0,6 1,4 1,5 1,6 2,3 2,5 2,6 3,5 3,6 4,6
59327	1 13	0,4 0,5 0,6 1,4 1,5 1,6 2,3 2,5 2,6 3,5 3,6 4,6 5,6
59390	1 13	0,4 0,5 0,6 1,4 1,5 1,6 2,3 2,5 2,6 3,5 3,6 4,5 4,6
59391	1 14	0,4 0,5 0,6 1,4 1,5 1,6 2,3 2,5 2,6 3,5 3,6 4,5 4,6 5,6
61111	1 12	0,4 0,5 0,6 1,4 1,5 1,6 2,3 3,4 3,5 3,6 4,6 5,6
61112	1 10	0,4 0,5 0,6 1,4 1,5 1,6 2,3 2,6 3,4 3,5
61113	1 11	0,4 0,5 0,6 1,4 1,5 1,6 2,3 2,6 3,4 3,5 5,6
61115	1 12	0,4 0,5 0,6 1,4 1,5 1,6 2,3 2,6 3,4 3,5 4,6 5,6
61116	1 11	0,4 0,5 0,6 1,4 1,5 1,6 2,3 2,6 3,4 3,5 3,6
61117	1 12	0,4 0,5 0,6 1,4 1,5 1,6 2,3 2,6 3,4 3,5 3,6 5,6
61119	1 13	0,4 0,5 0,6 1,4 1,5 1,6 2,3 2,6 3,4 3,5 3,6 4,6 5,6
61175	1 13	0,4 0,5 0,6 1,4 1,5 1,6 2,3 3,4 3,5 3,6 4,5 4,6 5,6
61176	1 11	0,4 0,5 0,6 1,4 1,5 1,6 2,3 2,6 3,4 3,5 4,5
61177	1 12	0,4 0,5 0,6 1,4 1,5 1,6 2,3 2,6 3,4 3,5 4,5 5,6
61179	1 13	0,4 0,5 0,6 1,4 1,5 1,6 2,3 2,6 3,4 3,5 4,5 4,6 5,6
61180	1 12	0,4 0,5 0,6 1,4 1,5 1,6 2,3 2,6 3,4 3,5 3,6 4,5
61181	1 13	0,4 0,5 0,6 1,4 1,5 1,6 2,3 2,6 3,4 3,5 3,6 4,5 5,6
61183	1 14	0,4 0,5 0,6 1,4 1,5 1,6 2,3 2,6 3,4 3,5 3,6 4,5 4,6 5,6
61244	1 11	0,4 0,5 0,6 1,4 1,5 1,6 2,3 2,5 2,6 3,4 3,6
61245	1 12	0,4 0,5 0,6 1,4 1,5 1,6 2,3 2,5 2,6 3,4 3,6 5,6
61247	1 13	0,4 0,5 0,6 1,4 1,5 1,6 2,3 2,5 2,6 3,4 3,6 4,6 5,6
61308	1 12	0,4 0,5 0,6 1,4 1,5 1,6 2,3 2,5 2,6 3,4 3,6 4,5
61309	1 13	0,4 0,5 0,6 1,4 1,5 1,6 2,3 2,5 2,6 3,4 3,6 4,5 5,6
61311	1 14	0,4 0,5 0,6 1,4 1,5 1,6 2,3 2,5 2,6 3,4 3,6 4,5 4,6 5,6
61372	1 12	0,4 0,5 0,6 1,4 1,5 1,6 2,3 2,5 2,6 3,4 3,5 3,6
61373	1 13	0,4 0,5 0,6 1,4 1,5 1,6 2,3 2,5 2,6 3,4 3,5 3,6 5,6
61374	1 13	0,4 0,5 0,6 1,4 1,5 1,6 2,3 2,5 2,6 3,4 3,5 3,6 4,6
61375	1 14	0,4 0,5 0,6 1,4 1,5 1,6 2,3 2,5 2,6 3,4 3,5 3,6 4,6 5,6
61438	1 14	0,4 0,5 0,6 1,4 1,5 1,6 2,3 2,5 2,6 3,4 3,5 3,6 4,5 4,6
61439	1 15	0,4 0,5 0,6 1,4 1,5 1,6 2,3 2,5 2,6 3,4 3,5 3,6 4,5 4,6 5,6
65468	1 13	0,4 0,5 0,6 1,4 1,5 1,6 2,3 2,4 2,5 2,6 3,4 3,5 3,6
65469	1 14	0,4 0,5 0,6 1,4 1,5 1,6 2,3 2,4 2,5 2,6 3,4 3,5 3,6 5,6
65471	1 15	0,4 0,5 0,6 1,4 1,5 1,6 2,3 2,4 2,5 2,6 3,4 3,5 3,6 4,6 5,6
65535	1 16	0,4 0,5 0,6 1,4 1,5 1,6 2,3 2,4 2,5 2,6 3,4 3,5 3,6 4,5 4,6 5,6
111582	0 12	1,3 1,4 1,5 1,6 2,3 2,4 2,5 2,6 3,5 3,6 4,5 4,6
111583	0 13	1,3 1,4 1,5 1,6 2,3 2,4 2,5 2,6 3,5 3,6 4,5 4,6 5,6
111594	1 11	0,6 1,3 1,4 1,5 2,3 2,4 2,5 2,6 3,5 4,5 4,6
111595	1 12	0,6 1,3 1,4 1,5 2,3 2,4 2,5 2,6 3,5 4,5 4,6 5,6
111598	1 12	0,6 1,3 1,4 1,5 2,3 2,4 2,5 2,6 3,5 3,6 4,5 4,6
111599	1 13	0,6 1,3 1,4 1,5 2,3 2,4 2,5 2,6 3,5 3,6 4,5 4,6 5,6
111614	1 13	0,6 1,3 1,4 1,5 1,6 2,3 2,4 2,5 2,6 3,5 3,6 4,5 4,6
111615	1 14	0,6 1,3 1,4 1,5 1,6 2,3 2,4 2,5 2,6 3,5 3,6 4,5 4,6 5,6
111979	1 11	0,5 0,6 1,3 1,4 2,3 2,4 2,5 2,6 4,5 4,6 5,6
111980	1 10	0,5 0,6 1,3 1,4 2,3 2,4 2,5 2,6 3,6 4,5
111981	1 11	0,5 0,6 1,3 1,4 2,3 2,4 2,5 2,6 3,6 4,5 5,6
111982	1 11	0,5 0,6 1,3 1,4 2,3 2,4 2,5 2,6 3,6 4,5 4,6
111983	1 12	0,5 0,6 1,3 1,4 2,3 2,4 2,5 2,6 3,6 4,5 4,6 5,6
111988	1 10	0,5 0,6 1,3 1,4 1,6 2,3 2,4 2,5 3,6 4,5
111989	1 11	0,5 0,6 1,3 1,4 1,6 2,3 2,4 2,5 3,6 4,5 5,6
111990	1 11	0,5 0,6 1,3 1,4 1,6 2,3 2,4 2,5 3,6 4,5 4,6
111991	1 12	0,5 0,6 1,3 1,4 1,6 2,3 2,4 2,5 3,6 4,5 4,6 5,6
111998	1 12	0,5 0,6 1,3 1,4 1,6 2,3 2,4 2,5 2,6 3,6 4,5 4,6
111999	1 13	0,5 0,6 1,3 1,4 1,6 2,3 2,4 2,5 2,6 3,6 4,5 4,6 5,6
112110	1 12	0,5 0,6 1,3 1,4 2,3 2,4 2,5 2,6 3,5 3,6 4,5 4,6
112111	1 13	0,5 0,6 1,3 1,4 2,3 2,4 2,5 2,6 3,5 3,6 4,5 4,6 5,6
112118	1 12	0,5 0,6 1,3 1,4 1,6 2,3 2,4 2,5 3,5 3,6 4,5 4,6
112119	1 13	0,5 0,6 1,3 1,4 1,6 2,3 2,4 2,5 3,5 3,6 4,5 4,6 5,6
112122	1 12	0,5 0,6 1,3 1,4 1,6 2,3 2,4 2,5 2,6 3,5 4,5 4,6
112123	1 13	0,5 0,6 1,3 1,4 1,6 2,3 2,4 2,5 2,6 3,5 4,5 4,6 5,6
112126	1 13	0,5 0,6 1,3 1,4 1,6 2,3 2,4 2,5 2,6 3,5 3,6 4,5 4,6
112127	1 14	0,5 0,6 1,3 1,4 1,6 2,3 2,4 2,5 2,6 3,5 3,6 4,5 4,6 5,6
112638	1 14	0,5 0,6 1,3 1,4 1,5 1,6 2,3 2,4 2,5 2,6 3,5 3,6 4,5 4,6
112639	1 15	0,5 0,6 1,3 1,4 1,5 1,6 2,3 2,4 2,5 2,6 3,5 3,6 4,5 4,6 5,6
113631	0 14	1,3 1,4 1,5 1,6 2,3 2,4 2,5 2,6 3,4 3,5 3,6 4,5 4,6 5,6
113640	1 11	0,6 1,3 1,4 1,5 2,3 2,4 2,5 2,6 3,4 3,5 4,5
113641	1 12	0,6 1,3 1,4 1,5 2,3 2,4 2,5 2,6 3,4 3,5 4,5 5,6
113643	1 13	0,6 1,3 1,4 1,5 2,3 2,4 2,5 2,6 3,4 3,5 4,5 4,6 5,6
113647	1 14	0,6 1,3 1,4 1,5 2,3 2,4 2,5 2,6 3,4 3,5 3,6 4,5 4,6 5,6
113656	1 12	0,6 1,3 1,4 1,5 1,6 2,3 2,4 2,5 2,6 3,4 3,5 4,5
113657	1 13	0,6 1,3 1,4 1,5 1,6 2,3 2,4 2,5 2,6 3,4 3,5 4,5 5,6
113659	1 14	0,6 1,3 1,4 1,5 1,6 2,3 2,4 2,5 2,6 3,4 3,5 4,5 4,6 5,6
113663	1 15	0,6 1,3 1,4 1,5 1,6 2,3 2,4 2,5 2,6 3,4 3,5 3,6 4,5 4,6 5,6
113961	1 10	0,5 0,6 1,3 1,4 2,3 2,4 2,5 2,6 3,4 5,6
113963	1 11	0,5 0,6 1,3 1,4 2,3 2,4 2,5 2,6 3,4 4,6 5,6
113967	1 12	0,5 0,6 1,3 1,4 2,3 2,4 2,5 2,6 3,4 3,6 4,6 5,6
113969	1 10	0,5 0,6 1,3 1,4 1,6 2,3 2,4 2,5 3,4 5,6
113970	1 10	0,5 0,6 1,3 1,4 1,6 2,3 2,4 2,5 3,4 4,6
113971	1 11	0,5 0,6 1,3 1,4 1,6 2,3 2,4 2,5 3,4 4,6 5,6
113974	1 11	0,5 0,6 1,3 1,4 1,6 2,3 2,4 2,5 3,4 3,6 4,6
113975	1 12	0,5 0,6 1,3 1,4 1,6 2,3 2,4 2,5 3,4 3,6 4,6 5,6
113977	1 11	0,5 0,6 1,3 1,4 1,6 2,3 2,4 2,5 2,6 3,4 5,6
113978	1 11	0,5 0,6 1,3 1,4 1,6 2,3 2,4 2,5 2,6 3,4 4,6
113979	1 12	0,5 0,6 1,3 1,4 1,6 2,3 2,4 2,5 2,6 3,4 4,6 5,6
113982	1 12	0,5 0,6 1,3 1,4 1,6 2,3 2,4 2,5 2,6 3,4 3,6 4,6
113983	1 13	0,5 0,6 1,3 1,4 1,6 2,3 2,4 2,5 2,6 3,4 3,6 4,6 5,6
114029	1 12	0,5 0,6 1,3 1,4 2,3 2,4 2,5 2,6 3,4 3,6 4,5 5,6
114031	1 13	0,5 0,6 1,3 1,4 2,3 2,4 2,5 2,6 3,4 3,6 4,5 4,6 5,6
114034	1 11	0,5 0,6 1,3 1,4 1,6 2,3 2,4 2,5 3,4 4,5 4,6
114035	1 12	0,5 0,6 1,3 1,4 1,6 2,3 2,4 2,5 3,4 4,5 4,6 5,6
114036	1 11	0,5 0,6 1,3 1,4 1,6 2,3 2,4 2,5 3,4 3,6 4,5
114037	1 12	0,5 0,6 1,3 1,4 1,6 2,3 2,4 2,5 3,4 3,6 4,5 5,6
114038	1 12	0,5 0,6 1,3 1,4 1,6 2,3 2,4 2,5 3,4 3,6 4,5 4,6
114039	1 13	0,5 0,6 1,3 1,4 1,6 2,3 2,4 2,5 3,4 3,6 4,5 4,6 5,6
114040	1 11	0,5 0,6 1,3 1,4 1,6 2,3 2,4 2,5 2,6 3,4 4,5
114041	1 12	0,5 0,6 1,3 1,4 1,6 2,3 2,4 2,5 2,6 3,4 4,5 5,6
114042	1 12	0,5 0,6 1,3 1,4 1,6 2,3 2,4 2,5 2,6 3,4 4,5 4,6
114043	1 13	0,5 0,6 1,3 1,4 1,6 2,3 2,4 2,5 2,6 3,4 4,5 4,6 5,6
114044	1 12	0,5 0,6 1,3 1,4 1,6 2,3 2,4 2,5 2,6 3,4 3,6 4,5
114045	1 13	0,5 0,6 1,3 1,4 1,6 2,3 2,4 2,5 2,6 3,4 3,6 4,5 5,6
114046	1 13	0,5 0,6 1,3 1,4 1,6 2,3 2,4 2,5 2,6 3,4 3,6 4,5 4,6
114047	1 14	0,5 0,6 1,3 1,4 1,6 2,3 2,4 2,5 2,6 3,4 3,6 4,5 4,6 5,6
114159	1 14	0,5 0,6 1,3 1,4 2,3 2,4 2,5 2,6 3,4 3,5 3,6 4,5 4,6 5,6
114166	1 13	0,5 0,6 1,3 1,4 1,6 2,3 2,4 2,5 3,4 3,5 3,6 4,5 4,6
114167	1 14	0,5 0,6 1,3 1,4 1,6 2,3 2,4 2,5 3,4 3,5 3,6 4,5 4,6 5,6
114168	1 12	0,5 0,6 1,3 1,4 1,6 2,3 2,4 2,5 2,6 3,4 3,5 4,5
114169	1 13	0,5 0,6 1,3 1,4 1,6 2,3 2,4 2,5 2,6 3,4 3,5 4,5 5,6
114170	1 13	0,5 0,6 1,3 1,4 1,6 2,3 2,4 2,5 2,6 3,4 3,5 4,5 4,6
114171	1 14	0,5 0,6 1,3 1,4 1,6 2,3 2,4 2,5 2,6 3,4 3,5 4,5 4,6 5,6
114174	1 14	0,5 0,6 1,3 1,4 1,6 2,3 2,4 2,5 2,6 3,4 3,5 3,6 4,5 4,6
114175	1 15	0,5 0,6 1,3 1,4 1,6 2,3 2,4 2,5 2,6 3,4 3,5 3,6 4,5 4,6 5,6
114489	1 12	0,5 0,6 1,3 1,4 1,5 1,6 2,3 2,4 2,5 2,6 3,4 5,6
114490	1 12	0,5 0,6 1,3 1,4 1,5 1,6 2,3 2,4 2,5 2,6 3,4 4,6
114491	1 13	0,5 0,6 1,3 1,4 1,5 1,6 2,3 2,4 2,5 2,6 3,4 4,6 5,6
114494	1 13	0,5 0,6 1,3 1,4 1,5 1,6 2,3 2,4 2,5 2,6 3,4 3,6 4,6
114495	1 14	0,5 0,6 1,3 1,4 1,5 1,6 2,3 2,4 2,5 2,6 3,4 3,6 4,6 5,6
114554	1 13	0,5 0,6 1,3 1,4 1,5 1,6 2,3 2,4 2,5 2,6 3,4 4,5 4,6
114555	1 14	0,5 0,6 1,3 1,4 1,5 1,6 2,3 2,4 2,5 2,6 3,4 4,5 4,6 5,6
114556	1 13	0,5 0,6 1,3 1,4 1,5 1,6 2,3 2,4 2,5 2,6 3,4 3,6 4,5
114557	1 14	0,5 0,6 1,3 1,4 1,5 1,6 2,3 2,4 2,5 2,6 3,4 3,6 4,5 5,6
114558	1 14	0,5 0,6 1,3 1,4 1,5 1,6 2,3 2,4 2,5 2,6 3,4 3,6 4,5 4,6
114559	1 15	0,5 0,6 1,3 1,4 1,5 1,6 2,3 2,4 2,5 2,6 3,4 3,6 4,5 4,6 5,6
114686	1 15	0,5 0,6 1,3 1,4 1,5 1,6 2,3 2,4 2,5 2,6 3,4 3,5 3,6 4,5 4,6
114687	1 16	0,5 0,6 1,3 1,4 1,5 1,6 2,3 2,4 2,5 2,6 3,4 3,5 3,6 4,5 4,6 5,6
120383	1 12	0,4 0,5 0,6 1,3 1,5 1,6 2,3 2,4 2,6 3,6 4,6 5,6
120443	1 12	0,4 0,5 0,6 1,3 1,5 1,6 2,3 2,4 2,6 4,5 4,6 5,6
120444	1 11	0,4 0,5 0,6 1,3 1,5 1,6 2,3 2,4 2,6 3,6 4,5
120445	1 12	0,4 0,5 0,6 1,3 1,5 1,6 2,3 2,4 2,6 3,6 4,5 5,6
120447	1 13	0,4 0,5 0,6 1,3 1,5 1,6 2,3 2,4 2,6 3,6 4,5 4,6 5,6
120568	1 11	0,4 0,5 0,6 1,3 1,5 1,6 2,3 2,4 2,6 3,5 4,5
120569	1 12	0,4 0,5 0,6 1,3 1,5 1,6 2,3 2,4 2,6 3,5 4,5 5,6
120570	1 12	0,4 0,5 0,6 1,3 1,5 1,6 2,3 2,4 2,6 3,5 4,5 4,6
120571	1 13	0,4 0,5 0,6 1,3 1,5 1,6 2,3 2,4 2,6 3,5 4,5 4,6 5,6
120574	1 13	0,4 0,5 0,6 1,3 1,5 1,6 2,3 2,4 2,6 3,5 3,6 4,5 4,6
120575	1 14	0,4 0,5 0,6 1,3 1,5 1,6 2,3 2,4 2,6 3,5 3,6 4,5 4,6 5,6
120639	1 13	0,4 0,5 0,6 1,3 1,5 1,6 2,3 2,4 2,5 2,6 3,6 4,6 5,6
120699	1 13	0,4 0,5 0,6 1,3 1,5 1,6 2,3 2,4 2,5 2,6 4,5 4,6 5,6
120700	1 12	0,4 0,5 0,6 1,3 1,5 1,6 2,3 2,4 2,5 2,6 3,6 4,5
120701	1 13	0,4 0,5 0,6 1,3 1,5 1,6 2,3 2,4 2,5 2,6 3,6 4,5 5,6
120702	1 13	0,4 0,5 0,6 1,3 1,5 1,6 2,3 2,4 2,5 2,6 3,6 4,5 4,6
120703	1 14	0,4 0,5 0,6 1,3 1,5 1,6 2,3 2,4 2,5 2,6 3,6 4,5 4,6 5,6
120830	1 14	0,4 0,5 0,6 1,3 1,5 1,6 2,3 2,4 2,5 2,6 3,5 3,6 4,5 4,6
120831	1 15	0,4 0,5 0,6 1,3 1,5 1,6 2,3 2,4 2,5 2,6 3,5 3,6 4,5 4,6 5,6
122616	1 12	0,4 0,5 0,6 1,3 1,5 1,6 2,3 2,4 2,6 3,4 3,5 4,5
122617	1 13	0,4 0,5 0,6 1,3 1,5 1,6 2,3 2,4 2,6 3,4 3,5 4,5 5,6
122619	1 14	0,4 0,5 0,6 1,3 1,5 1,6 2,3 2,4 2,6 3,4 3,5 4,5 4,6 5,6
122623	1 15	0,4 0,5 0,6 1,3 1,5 1,6 2,3 2,4 2,6 3,4 3,5 3,6 4,5 4,6 5,6
122681	1 12	0,4 0,5 0,6 1,3 1,5 1,6 2,3 2,4 2,5 2,6 3,4 5,6
122682	1 12	0,4 0,5 0,6 1,3 1,5 1,6 2,3 2,4 2,5 2,6 3,4 4,6
122683	1 13	0,4 0,5 0,6 1,3 1,5 1,6 2,3 2,4 2,5 2,6 3,4 4,6 5,6
122686	1 13	0,4 0,5 0,6 1,3 1,5 1,6 2,3 2,4 2,5 2,6 3,4 3,6 4,6
122687	1 14	0,4 0,5 0,6 1,3 1,5 1,6 2,3 2,4 2,5 2,6 3,4 3,6 4,6 5,6
122746	1 13	0,4 0,5 0,6 1,3 1,5 1,6 2,3 2,4 2,5 2,6 3,4 4,5 4,6
122747	1 14	0,4 0,5 0,6 1,3 1,5 1,6 2,3 2,4 2,5 2,6 3,4 4,5 4,6 5,6
122748	1 13	0,4 0,5 0,6 1,3 1,5 1,6 2,3 2,4 2,5 2,6 3,4 3,6 4,5
122749	1 14	0,4 0,5 0,6 1,3 1,5 1,6 2,3 2,4 2,5 2,6 3,4 3,6 4,5 5,6
122750	1 14	0,4 0,5 0,6 1,3 1,5 1,6 2,3 2,4 2,5 2,6 3,4 3,6 4,5 4,6
122751	1 15	0,4 0,5 0,6 1,3 1,5 1,6 2,3 2,4 2,5 2,6 3,4 3,6 4,5 4,6 5,6
122878	1 15	0,4 0,5 0,6 1,3 1,5 1,6 2,3 2,4 2,5 2,6 3,4 3,5 3,6 4,5 4,6
122879	1 16	0,4 0,5 0,6 1,3 1,5 1,6 2,3 2,4 2,5 2,6 3,4 3,5 3,6 4,5 4,6 5,6
128831	1 14	0,4 0,5 0,6 1,3 1,4 1,5 1,6 2,3 2,4 2,5 2,6 3,6 4,6 5,6
128891	1 14	0,4 0,5 0,6 1,3 1,4 1,5 1,6 2,3 2,4 2,5 2,6 4,5 4,6 5,6
128892	1 13	0,4 0,5 0,6 1,3 1,4 1,5 1,6 2,3 2,4 2,5 2,6 3,6 4,5
128893	1 14	0,4 0,5 0,6 1,3 1,4 1,5 1,6 2,3 2,4 2,5 2,6 3,6 4,5 5,6
128895	1 15	0,4 0,5 0,6 1,3 1,4 1,5 1,6 2,3 2,4 2,5 2,6 3,6 4,5 4,6 5,6
128956	1 13	0,4 0,5 0,6 1,3 1,4 1,5 1,6 2,3 2,4 2,5 2,6 3,5 3,6
128957	1 14	0,4 0,5 0,6 1,3 1,4 1,5 1,6 2,3 2,4 2,5 2,6 3,5 3,6 5,6
128958	1 14	0,4 0,5 0,6 1,3 1,4 1,5 1,6 2,3 2,4 2,5 2,6 3,5 3,6 4,6
128959	1 15	0,4 0,5 0,6 1,3 1,4 1,5 1,6 2,3 2,4 2,5 2,6 3,5 3,6 4,6 5,6
129022	1 15	0,4 0,5 0,6 1,3 1,4 1,5 1,6 2,3 2,4 2,5 2,6 3,5 3,6 4,5 4,6
129023	1 16	0,4 0,5 0,6 1,3 1,4 1,5 1,6 2,3 2,4 2,5 2,6 3,5 3,6 4,5 4,6 5,6
131004	1 14	0,4 0,5 0,6 1,3 1,4 1,5 1,6 2,3 2,4 2,5 2,6 3,4 3,5 3,6
131005	1 15	0,4 0,5 0,6 1,3 1,4 1,5 1,6 2,3 2,4 2,5 2,6 3,4 3,5 3,6 5,6
131007	1 16	0,4 0,5 0,6 1,3 1,4 1,5 1,6 2,3 2,4 2,5 2,6 3,4 3,5 3,6 4,6 5,6
131071	1 17	0,4 0,5 0,6 1,3 1,4 1,5 1,6 2,3 2,4 2,5 2,6 3,4 3,5 3,6 4,5 4,6 5,6
259903	1 15	0,3 0,4 0,5 0,6 1,3 1,4 1,5 1,6 2,3 2,4 2,5 2,6 3,6 4,6 5,6
259963	1 15	0,3 0,4 0,5 0,6 1,3 1,4 1,5 1,6 2,3 2,4 2,5 2,6 4,5 4,6 5,6
259964	1 14	0,3 0,4 0,5 0,6 1,3 1,4 1,5 1,6 2,3 2,4 2,5 2,6 3,6 4,5
259965	1 15	0,3 0,4 0,5 0,6 1,3 1,4 1,5 1,6 2,3 2,4 2,5 2,6 3,6 4,5 5,6
259967	1 16	0,3 0,4 0,5 0,6 1,3 1,4 1,5 1,6 2,3 2,4 2,5 2,6 3,6 4,5 4,6 5,6
260094	1 16	0,3 0,4 0,5 0,6 1,3 1,4 1,5 1,6 2,3 2,4 2,5 2,6 3,5 3,6 4,5 4,6
260095	1 17	0,3 0,4 0,5 0,6 1,3 1,4 1,5 1,6 2,3 2,4 2,5 2,6 3,5 3,6 4,5 4,6 5,6
262143	1 18	0,3 0,4 0,5 0,6 1,3 1,4 1,5 1,6 2,3 2,4 2,5 2,6 3,4 3,5 3,6 4,5 4,6 5,6
375775	0 15	1,2 1,3 1,4 1,5 1,6 2,3 2,4 2,5 2,6 3,4 3,5 3,6 4,5 4,6 5,6
375776	0 11	0,6 1,2 1,3 1,4 1,5 2,3 2,4 2,5 3,4 3,5 4,5
375777	1 12	0,6 1,2 1,3 1,4 1,5 2,3 2,4 2,5 3,4 3,5 4,5 5,6
375779	1 13	0,6 1,2 1,3 1,4 1,5 2,3 2,4 2,5 3,4 3,5 4,5 4,6 5,6
375783	1 14	0,6 1,2 1,3 1,4 1,5 2,3 2,4 2,5 3,4 3,5 3,6 4,5 4,6 5,6
375791	1 15	0,6 1,2 1,3 1,4 1,5 2,3 2,4 2,5 2,6 3,4 3,5 3,6 4,5 4,6 5,6
375807	1 16	0,6 1,2 1,3 1,4 1,5 1,6 2,3 2,4 2,5 2,6 3,4 3,5 3,6 4,5 4,6 5,6
375841	0 9	0,5 0,6 1,2 1,3 1,4 2,3 2,4 3,4 5,6
375843	1 10	0,5 0,6 1,2 1,3 1,4 2,3 2,4 3,4 4,6 5,6
375847	1 11	0,5 0,6 1,2 1,3 1,4 2,3 2,4 3,4 3,6 4,6 5,6
375855	1 12	0,5 0,6 1,2 1,3 1,4 2,3 2,4 2,6 3,4 3,6 4,6 5,6
375871	1 13	0,5 0,6 1,2 1,3 1,4 1,6 2,3 2,4 2,6 3,4 3,6 4,6 5,6
375907	1 11	0,5 0,6 1,2 1,3 1,4 2,3 2,4 3,4 4,5 4,6 5,6
375909	1 11	0,5 0,6 1,2 1,3 1,4 2,3 2,4 3,4 3,6 4,5 5,6
375911	1 12	0,5 0,6 1,2 1,3 1,4 2,3 2,4 3,4 3,6 4,5 4,6 5,6
375917	1 12	0,5 0,6 1,2 1,3 1,4 2,3 2,4 2,6 3,4 3,6 4,5 5,6
375919	1 13	0,5 0,6 1,2 1,3 1,4 2,3 2,4 2,6 3,4 3,6 4,5 4,6 5,6
375932	1 12	0,5 0,6 1,2 1,3 1,4 1,6 2,3 2,4 2,6 3,4 3,6 4,5
375933	1 13	0,5 0,6 1,2 1,3 1,4 1,6 2,3 2,4 2,6 3,4 3,6 4,5 5,6
375934	1 13	0,5 0,6 1,2 1,3 1,4 1,6 2,3 2,4 2,6 3,4 3,6 4,5 4,6
375935	1 14	0,5 0,6 1,2 1,3 1,4 1,6 2,3 2,4 2,6 3,4 3,6 4,5 4,6 5,6
376039	1 13	0,5 0,6 1,2 1,3 1,4 2,3 2,4 3,4 3,5 3,6 4,5 4,6 5,6
376043	1 13	0,5 0,6 1,2 1,3 1,4 2,3 2,4 2,6 3,4 3,5 4,5 4,6 5,6
376047	1 14	0,5 0,6 1,2 1,3 1,4 2,3 2,4 2,6 3,4 3,5 3,6 4,5 4,6 5,6
376056	1 12	0,5 0,6 1,2 1,3 1,4 1,6 2,3 2,4 2,6 3,4 3,5 4,5
376057	1 13	0,5 0,6 1,2 1,3 1,4 1,6 2,3 2,4 2,6 3,4 3,5 4,5 5,6
376058	1 13	0,5 0,6 1,2 1,3 1,4 1,6 2,3 2,4 2,6 3,4 3,5 4,5 4,6
376059	1 14	0,5 0,6 1,2 1,3 1,4 1,6 2,3 2,4 2,6 3,4 3,5 4,5 4,6 5,6
376062	1 14	0,5 0,6 1,2 1,3 1,4 1,6 2,3 2,4 2,6 3,4 3,5 3,6 4,5 4,6
376063	1 15	0,5 0,6 1,2 1,3 1,4 1,6 2,3 2,4 2,6 3,4 3,5 3,6 4,5 4,6 5,6
376303	1 15	0,5 0,6 1,2 1,3 1,4 2,3 2,4 2,5 2,6 3,4 3,5 3,6 4,5 4,6 5,6
376310	1 14	0,5 0,6 1,2 1,3 1,4 1,6 2,3 2,4 2,5 3,4 3,5 3,6 4,5 4,6
376311	1 15	0,5 0,6 1,2 1,3 1,4 1,6 2,3 2,4 2,5 3,4 3,5 3,6 4,5 4,6 5,6
376318	1 15	0,5 0,6 1,2 1,3 1,4 1,6 2,3 2,4 2,5 2,6 3,4 3,5 3,6 4,5 4,6
376319	1 16	0,5 0,6 1,2 1,3 1,4 1,6 2,3 2,4 2,5 2,6 3,4 3,5 3,6 4,5 4,6 5,6
376830	1 16	0,5 0,6 1,2 1,3 1,4 1,5 1,6 2,3 2,4 2,5 2,6 3,4 3,5 3,6 4,5 4,6
376831	1 17	0,5 0,6 1,2 1,3 1,4 1,5 1,6 2,3 2,4 2,5 2,6 3,4 3,5 3,6 4,5 4,6 5,6
377983	1 12	0,4 0,5 0,6 1,2 1,3 1,6 2,3 2,6 3,6 4,5 4,6 5,6
378106	1 11	0,4 0,5 0,6 1,2 1,3 1,6 2,3 2,6 3,5 4,5 4,6
378107	1 12	0,4 0,5 0,6 1,2 1,3 1,6 2,3 2,6 3,5 4,5 4,6 5,6
378111	1 13	0,4 0,5 0,6 1,2 1,3 1,6 2,3 2,6 3,5 3,6 4,5 4,6 5,6
378358	1 12	0,4 0,5 0,6 1,2 1,3 1,6 2,3 2,5 3,5 3,6 4,5 4,6
378359	1 13	0,4 0,5 0,6 1,2 1,3 1,6 2,3 2,5 3,5 3,6 4,5 4,6 5,6
378366	1 13	0,4 0,5 0,6 1,2 1,3 1,6 2,3 2,5 2,6 3,5 3,6 4,5 4,6
378367	1 14	0,4 0,5 0,6 1,2 1,3 1,6 2,3 2,5 2,6 3,5 3,6 4,5 4,6 5,6
378878	1 14	0,4 0,5 0,6 1,2 1,3 1,5 1,6 2,3 2,5 2,6 3,5 3,6 4,5 4,6
378879	1 15	0,4 0,5 0,6 1,2 1,3 1,5 1,6 2,3 2,5 2,6 3,5 3,6 4,5 4,6 5,6
380275	1 12	0,4 0,5 0,6 1,2 1,3 1,6 2,3 2,5 3,4 4,5 4,6 5,6
380278	1 12	0,4 0,5 0,6 1,2 1,3 1,6 2,3 2,5 3,4 3,6 4,5 4,6
380279	1 13	0,4 0,5 0,6 1,2 1,3 1,6 2,3 2,5 3,4 3,6 4,5 4,6 5,6
380287	1 14	0,4 0,5 0,6 1,2 1,3 1,6 2,3 2,5 2,6 3,4 3,6 4,5 4,6 5,6
380406	1 13	0,4 0,5 0,6 1,2 1,3 1,6 2,3 2,5 3,4 3,5 3,6 4,5 4,6
380407	1 14	0,4 0,5 0,6 1,2 1,3 1,6 2,3 2,5 3,4 3,5 3,6 4,5 4,6 5,6
380410	1 13	0,4 0,5 0,6 1,2 1,3 1,6 2,3 2,5 2,6 3,4 3,5 4,5 4,6
380411	1 14	0,4 0,5 0,6 1,2 1,3 1,6 2,3 2,5 2,6 3,4 3,5 4,5 4,6 5,6
380415	1 15	0,4 0,5 0,6 1,2 1,3 1,6 2,3 2,5 2,6 3,4 3,5 3,6 4,5 4,6 5,6
380731	1 13	0,4 0,5 0,6 1,2 1,3 1,5 1,6 2,3 2,5 2,6 3,4 4,6 5,6
380735	1 14	0,4 0,5 0,6 1,2 1,3 1,5 1,6 2,3 2,5 2,6 3,4 3,6 4,6 5,6
380795	1 14	0,4 0,5 0,6 1,2 1,3 1,5 1,6 2,3 2,5 2,6 3,4 4,5 4,6 5,6
380796	1 13	0,4 0,5 0,6 1,2 1,3 1,5 1,6 2,3 2,5 2,6 3,4 3,6 4,5
380797	1 14	0,4 0,5 0,6 1,2 1,3 1,5 1,6 2,3 2,5 2,6 3,4 3,6 4,5 5,6
380798	1 14	0,4 0,5 0,6 1,2 1,3 1,5 1,6 2,3 2,5 2,6 3,4 3,6 4,5 4,6
380799	1 15	0,4 0,5 0,6 1,2 1,3 1,5 1,6 2,3 2,5 2,6 3,4 3,6 4,5 4,6 5,6
380863	1 15	0,4 0,5 0,6 1,2 1,3 1,5 1,6 2,3 2,5 2,6 3,4 3,5 3,6 4,6 5,6
380926	1 15	0,4 0,5 0,6 1,2 1,3 1,5 1,6 2,3 2,5 2,6 3,4 3,5 3,6 4,5 4,6
380927	1 16	0,4 0,5 0,6 1,2 1,3 1,5 1,6 2,3 2,5 2,6 3,4 3,5 3,6 4,5 4,6 5,6
384501	1 14	0,4 0,5 0,6 1,2 1,3 1,6 2,3 2,4 2,5 3,4 3,5 3,6 4,5 5,6
384503	1 15	0,4 0,5 0,6 1,2 1,3 1,6 2,3 2,4 2,5 3,4 3,5 3,6 4,5 4,6 5,6
384511	1 16	0,4 0,5 0,6 1,2 1,3 1,6 2,3 2,4 2,5 2,6 3,4 3,5 3,6 4,5 4,6 5,6
384697	1 13	0,4 0,5 0,6 1,2 1,3 1,5 1,6 2,3 2,4 2,6 3,4 3,5 5,6
384699	1 14	0,4 0,5 0,6 1,2 1,3 1,5 1,6 2,3 2,4 2,6 3,4 3,5 4,6 5,6
384701	1 14	0,4 0,5 0,6 1,2 1,3 1,5 1,6 2,3 2,4 2,6 3,4 3,5 3,6 5,6
384703	1 15	0,4 0,5 0,6 1,2 1,3 1,5 1,6 2,3 2,4 2,6 3,4 3,5 3,6 4,6 5,6
384763	1 15	0,4 0,5 0,6 1,2 1,3 1,5 1,6 2,3 2,4 2,6 3,4 3,5 4,5 4,6 5,6
384764	1 14	0,4 0,5 0,6 1,2 1,3 1,5 1,6 2,3 2,4 2,6 3,4 3,5 3,6 4,5
384765	1 15	0,4 0,5 0,6 1,2 1,3 1,5 1,6 2,3 2,4 2,6 3,4 3,5 3,6 4,5 5,6
384767	1 16	0,4 0,5 0,6 1,2 1,3 1,5 1,6 2,3 2,4 2,6 3,4 3,5 3,6 4,5 4,6 5,6
384957	1 15	0,4 0,5 0,6 1,2 1,3 1,5 1,6 2,3 2,4 2,5 2,6 3,4 3,5 3,6 5,6
384958	1 15	0,4 0,5 0,6 1,2 1,3 1,5 1,6 2,3 2,4 2,5 2,6 3,4 3,5 3,6 4,6
384959	1 16	0,4 0,5 0,6 1,2 1,3 1,5 1,6 2,3 2,4 2,5 2,6 3,4 3,5 3,6 4,6 5,6
385022	1 16	0,4 0,5 0,6 1,2 1,3 1,5 1,6 2,3 2,4 2,5 2,6 3,4 3,5 3,6 4,5 4,6
385023	1 17	0,4 0,5 0,6 1,2 1,3 1,5 1,6 2,3 2,4 2,5 2,6 3,4 3,5 3,6 4,5 4,6 5,6
393149	1 16	0,4 0,5 0,6 1,2 1,3 1,4 1,5 1,6 2,3 2,4 2,5 2,6 3,4 3,5 3,6 5,6
393151	1 17	0,4 0,5 0,6 1,2 1,3 1,4 1,5 1,6 2,3 2,4 2,5 2,6 3,4 3,5 3,6 4,6 5,6
393215	1 18	0,4 0,5 0,6 1,2 1,3 1,4 1,5 1,6 2,3 2,4 2,5 2,6 3,4 3,5 3,6 4,5 4,6 5,6
425917	1 15	0,3 0,4 0,5 0,6 1,2 1,4 1,5 1,6 2,4 2,5 2,6 3,4 3,5 3,6 5,6
425919	1 16	0,3 0,4 0,5 0,6 1,2 1,4 1,5 1,6 2,4 2,5 2,6 3,4 3,5 3,6 4,6 5,6
425983	1 17	0,3 0,4 0,5 0,6 1,2 1,4 1,5 1,6 2,4 2,5 2,6 3,4 3,5 3,6 4,5 4,6 5,6
452606	1 15	0,3 0,4 0,5 0,6 1,2 1,4 1,5 1,6 2,3 2,5 2,6 3,5 3,6 4,5 4,6
452607	1 16	0,3 0,4 0,5 0,6 1,2 1,4 1,5 1,6 2,3 2,5 2,6 3,5 3,6 4,5 4,6 5,6
454463	1 15	0,3 0,4 0,5 0,6 1,2 1,4 1,5 1,6 2,3 2,5 2,6 3,4 3,6 4,6 5,6
454524	1 14	0,3 0,4 0,5 0,6 1,2 1,4 1,5 1,6 2,3 2,5 2,6 3,4 3,6 4,5
454525	1 15	0,3 0,4 0,5 0,6 1,2 1,4 1,5 1,6 2,3 2,5 2,6 3,4 3,6 4,5 5,6
454527	1 16	0,3 0,4 0,5 0,6 1,2 1,4 1,5 1,6 2,3 2,5 2,6 3,4 3,6 4,5 4,6 5,6
454654	1 16	0,3 0,4 0,5 0,6 1,2 1,4 1,5 1,6 2,3 2,5 2,6 3,4 3,5 3,6 4,5 4,6
454655	1 17	0,3 0,4 0,5 0,6 1,2 1,4 1,5 1,6 2,3 2,5 2,6 3,4 3,5 3,6 4,5 4,6 5,6
458685	1 16	0,3 0,4 0,5 0,6 1,2 1,4 1,5 1,6 2,3 2,4 2,5 2,6 3,4 3,5 3,6 5,6
458687	1 17	0,3 0,4 0,5 0,6 1,2 1,4 1,5 1,6 2,3 2,4 2,5 2,6 3,4 3,5 3,6 4,6 5,6
458751	1 18	0,3 0,4 0,5 0,6 1,2 1,4 1,5 1,6 2,3 2,4 2,5 2,6 3,4 3,5 3,6 4,5 4,6 5,6
522111	1 17	0,3 0,4 0,5 0,6 1,2 1,3 1,4 1,5 1,6 2,3 2,4 2,5 2,6 3,6 4,5 4,6 5,6
522238	1 17	0,3 0,4 0,5 0,6 1,2 1,3 1,4 1,5 1,6 2,3 2,4 2,5 2,6 3,5 3,6 4,5 4,6
522239	1 18	0,3 0,4 0,5 0,6 1,2 1,3 1,4 1,5 1,6 2,3 2,4 2,5 2,6 3,5 3,6 4,5 4,6 5,6
524287	1 19	0,3 0,4 0,5 0,6 1,2 1,3 1,4 1,5 1,6 2,3 2,4 2,5 2,6 3,4 3,5 3,6 4,5 4,6 5,6
1015743	1 18	0,2 0,3 0,4 0,5 0,6 1,2 1,3 1,4 1,5 1,6 2,4 2,5 2,6 3,4 3,5 3,6 4,6 5,6
1015807	1 19	0,2 0,3 0,4 0,5 0,6 1,2 1,3 1,4 1,5 1,6 2,4 2,5 2,6 3,4 3,5 3,6 4,5 4,6 5,6
1048575	1 20	0,2 0,3 0,4 0,5 0,6 1,2 1,3 1,4 1,5 1,6 2,3 2,4 2,5 2,6 3,4 3,5 3,6 4,5 4,6 5,6
2097151	1 21	0,1 0,2 0,3 0,4 0,5 0,6 1,2 1,3 1,4 1,5 1,6 2,3 2,4 2,5 2,6 3,4 3,5 3,6 4,5 4,6 5,6
