0 0 0 0 0 1 7 0 0 5006 0 0 
0 1 1 0 0 2 5 0 0 3236 0 1 
0 2 3 0 0 3 4 0 0 3238 0 3 
0 3 7 0 0 2 4 0 0 3241 0 6 
0 4 11 0 0 3 3 0 0 3243 0 8 
0 5 12 0 0 2 3 0 0 3246 0 11 
0 6 13 0 0 3 3 0 0 3248 0 13 
0 7 15 0 0 4 3 0 0 3251 0 16 
0 8 30 0 0 2 3 0 0 3255 0 20 
0 9 31 0 0 3 3 0 0 3257 0 22 
0 10 63 0 0 2 3 0 0 3260 0 25 
0 11 75 0 0 3 2 0 0 3262 0 27 
0 12 76 0 0 4 2 0 0 3265 0 30 
0 13 77 0 0 5 2 0 0 3269 0 34 
0 14 79 0 0 4 2 0 0 3274 0 39 
0 15 86 0 0 4 2 0 0 3278 0 43 
0 16 87 0 0 4 2 0 0 3232 0 47 
0 17 94 0 0 5 2 0 0 3287 0 51 
0 18 95 0 0 5 2 0 0 3292 0 56 
0 19 116 0 0 3 2 0 0 3297 0 61 
0 20 117 0 0 5 2 0 0 3300 0 64 
0 21 119 0 0 5 2 0 0 3305 0 69 
0 22 127 0 0 4 2 0 0 3310 0 74 
0 23 222 0 0 3 2 0 0 3314 0 78 
0 24 223 0 0 3 2 0 0 3317 0 81 
0 25 235 0 0 3 2 0 0 3320 0 84 
0 26 236 0 0 2 2 0 0 3323 0 87 
0 27 237 0 0 4 2 0 0 3325 0 89 
0 28 239 0 0 4 2 0 0 3329 0 93 
0 29 254 0 0 4 2 0 0 3333 0 97 
0 30 255 0 0 4 2 0 0 3337 0 101 
0 31 507 0 0 3 2 0 0 3341 0 105 
0 32 511 0 0 3 2 0 0 3160 0 108 
0 33 1023 0 0 2 2 0 0 3158 0 111 
0 34 1099 0 0 3 1 0 0 3155 0 113 
0 35 1100 0 0 4 1 0 0 3151 0 116 
0 36 1101 0 0 5 1 0 0 3146 0 120 
0 37 1103 0 0 4 1 0 0 3142 0 125 
0 38 1108 0 0 3 1 0 0 3139 0 129 
0 39 1109 0 0 3 1 0 0 3136 0 132 
0 40 1110 0 0 6 1 0 0 3088 0 135 
0 41 1111 0 0 6 1 0 0 3126 0 141 
0 42 1118 0 0 5 1 0 0 3121 0 147 
0 43 1119 0 0 5 1 0 0 3116 0 152 
0 44 1140 0 0 4 1 0 0 3112 0 157 
0 45 1141 0 0 5 1 0 0 3107 0 161 
0 46 1143 0 0 5 1 0 0 3102 0 166 
0 47 1151 0 0 4 1 0 0 3098 0 171 
0 48 1182 0 0 4 1 0 0 3094 0 175 
0 49 1183 0 0 4 1 0 0 3132 0 179 
0 50 1184 0 0 2 1 0 0 3163 0 183 
0 51 1185 0 0 4 1 0 0 3165 0 185 
0 52 1187 0 0 5 1 0 0 3169 0 189 
0 53 1191 0 0 3 1 0 0 3174 0 194 
0 54 1194 0 0 5 1 0 0 3177 0 197 
0 55 1195 0 0 6 1 0 0 3182 0 202 
0 56 1196 0 0 4 1 0 0 3188 0 208 
0 57 1197 0 0 4 1 0 0 3192 0 212 
0 58 1198 0 0 7 1 0 0 3196 0 216 
0 59 1199 0 0 7 1 0 0 3203 0 223 
0 60 1214 0 0 4 1 0 0 3210 0 230 
0 61 1215 0 0 4 1 0 0 3214 0 234 
0 62 1246 0 0 5 1 0 0 3218 0 238 
0 63 1247 0 0 5 1 0 0 3223 0 243 
0 64 1259 0 0 4 1 0 0 3228 0 248 
0 65 1260 0 0 5 1 0 0 3282 0 252 
0 66 1261 0 0 7 1 0 0 3498 0 257 
0 67 1263 0 0 5 1 0 0 3505 0 264 
0 68 1268 0 0 6 1 0 0 3510 0 269 
0 69 1269 0 0 6 1 0 0 3516 0 275 
0 70 1270 0 0 7 1 0 0 3522 0 281 
0 71 1271 0 0 7 1 0 0 3529 0 288 
0 72 1278 0 0 6 1 0 0 3536 0 295 
0 73 1279 0 0 6 1 0 0 3542 0 301 
0 74 1456 0 0 3 1 0 0 3548 0 307 
0 75 1457 0 0 6 1 0 0 3551 0 310 
0 76 1459 0 0 5 1 0 0 3557 0 316 
0 77 1460 0 0 4 1 0 0 3562 0 321 
0 78 1461 0 0 6 1 0 0 3566 0 325 
0 79 1463 0 0 5 1 0 0 3572 0 331 
0 80 1465 0 0 5 1 0 0 3577 0 336 
0 81 1467 0 0 6 1 0 0 3492 0 341 
0 82 1468 0 0 6 1 0 0 3589 0 347 
0 83 1469 0 0 7 1 0 0 3595 0 353 
0 84 1471 0 0 6 1 0 0 3602 0 360 
0 85 1531 0 0 4 1 0 0 3608 0 366 
0 86 1532 0 0 5 1 0 0 3612 0 370 
0 87 1533 0 0 6 1 0 0 3617 0 375 
0 88 1535 0 0 5 1 0 0 3623 0 381 
0 89 1972 0 0 3 1 0 0 3628 0 386 
0 90 1973 0 0 5 1 0 0 3631 0 389 
0 91 1975 0 0 5 1 0 0 3636 0 394 
0 92 1983 0 0 5 1 0 0 3641 0 399 
0 93 2047 0 0 4 1 0 0 3646 0 404 
0 94 3294 0 0 3 1 0 0 3650 0 408 
0 95 3295 0 0 3 1 0 0 3653 0 411 
0 96 3306 0 0 5 1 0 0 3656 0 414 
0 97 3307 0 0 5 1 0 0 3422 0 419 
0 98 3308 0 0 4 1 0 0 3418 0 424 
0 99 3309 0 0 4 1 0 0 3414 0 428 
0 100 3310 0 0 6 1 0 0 3408 0 432 
0 101 3311 0 0 6 1 0 0 3402 0 438 
0 102 3326 0 0 4 1 0 0 3398 0 444 
0 103 3327 0 0 4 1 0 0 3394 0 448 
0 104 3440 0 0 2 1 0 0 3392 0 452 
0 105 3441 0 0 5 1 0 0 3344 0 454 
0 106 3443 0 0 5 1 0 0 3384 0 459 
0 107 3447 0 0 3 1 0 0 3381 0 464 
0 108 3448 0 0 3 1 0 0 3378 0 467 
0 109 3449 0 0 7 1 0 0 3371 0 470 
0 110 3451 0 0 5 1 0 0 3366 0 477 
0 111 3452 0 0 5 1 0 0 3361 0 482 
0 112 3453 0 0 7 1 0 0 3354 0 487 
0 113 3455 0 0 5 1 0 0 3349 0 494 
0 114 3576 0 0 3 1 0 0 3389 0 499 
0 115 3577 0 0 5 1 0 0 3427 0 502 
0 116 3578 0 0 6 1 0 0 3432 0 507 
0 117 3579 0 0 6 1 0 0 3438 0 513 
0 118 3582 0 0 5 1 0 0 3444 0 519 
0 119 3583 0 0 5 1 0 0 3449 0 524 
0 120 3873 0 0 2 1 0 0 3454 0 529 
0 121 3875 0 0 3 1 0 0 3456 0 531 
0 122 3879 0 0 5 1 0 0 3459 0 534 
0 123 3885 0 0 3 1 0 0 3464 0 539 
0 124 3887 0 0 4 1 0 0 3467 0 542 
0 125 3903 0 0 3 1 0 0 3471 0 546 
0 126 3947 0 0 4 1 0 0 3474 0 549 
0 127 3948 0 0 4 1 0 0 3478 0 553 
0 128 3949 0 0 6 1 0 0 3482 0 557 
0 129 3950 0 0 4 1 0 0 3488 0 563 
0 130 3951 0 0 6 1 0 0 3023 0 567 
0 131 3958 0 0 5 1 0 0 2707 0 573 
0 132 3959 0 0 5 1 0 0 2702 0 578 
0 133 3966 0 0 6 1 0 0 2696 0 583 
0 134 3967 0 0 6 1 0 0 2690 0 589 
0 135 4094 0 0 4 1 0 0 2686 0 595 
0 136 4095 0 0 4 1 0 0 2682 0 599 
0 137 7672 0 0 2 1 0 0 2680 0 603 
0 138 7673 0 0 4 1 0 0 2645 0 605 
0 139 7675 0 0 4 1 0 0 2672 0 609 
0 140 7679 0 0 3 1 0 0 2669 0 613 
0 141 7902 0 0 3 1 0 0 2666 0 616 
0 142 7903 0 0 3 1 0 0 2663 0 619 
0 143 7915 0 0 3 1 0 0 2660 0 622 
0 144 7916 0 0 2 1 0 0 2658 0 625 
0 145 7917 0 0 4 1 0 0 2654 0 627 
0 146 7919 0 0 5 1 0 0 2649 0 631 
0 147 7934 0 0 4 1 0 0 2676 0 636 
0 148 7935 0 0 4 1 0 0 2718 0 640 
0 149 8185 0 0 3 1 0 0 2722 0 644 
0 150 8187 0 0 5 1 0 0 2725 0 647 
0 151 8191 0 0 4 1 0 0 2730 0 652 
0 152 16350 0 0 2 1 0 0 2734 0 656 
0 153 16351 0 0 3 1 0 0 2736 0 658 
0 154 16383 0 0 3 1 0 0 2739 0 661 
0 155 32767 0 0 2 1 0 0 2742 0 664 
0 156 33867 0 0 2 6 0 0 2744 0 666 
0 157 33868 0 0 3 4 0 0 2746 0 668 
0 158 33869 0 0 4 4 0 0 2749 0 671 
0 159 33871 0 0 3 4 0 0 2753 0 675 
0 160 33876 0 0 4 3 0 0 2756 0 678 
0 161 33877 0 0 4 3 0 0 2760 0 682 
0 162 33878 0 0 5 3 0 0 2764 0 686 
0 163 33879 0 0 5 3 0 0 2564 0 691 
0 164 33886 0 0 4 3 0 0 2560 0 696 
0 165 33887 0 0 4 3 0 0 2556 0 700 
0 166 33908 0 0 3 3 0 0 2553 0 704 
0 167 33909 0 0 4 3 0 0 2549 0 707 
0 168 33911 0 0 4 3 0 0 2545 0 711 
0 169 33919 0 0 3 3 0 0 2542 0 715 
0 170 33942 0 0 3 4 0 0 2539 0 718 
0 171 33943 0 0 3 4 0 0 2496 0 721 
0 172 33950 0 0 5 2 0 0 2530 0 724 
0 173 33951 0 0 5 2 0 0 2525 0 729 
0 174 33952 0 0 3 2 0 0 2522 0 734 
0 175 33953 0 0 5 2 0 0 2517 0 737 
0 176 33955 0 0 4 2 0 0 2513 0 742 
0 177 33956 0 0 4 2 0 0 2509 0 746 
0 178 33957 0 0 6 2 0 0 2503 0 750 
0 179 33959 0 0 4 2 0 0 2499 0 756 
0 180 33962 0 0 4 2 0 0 2535 0 760 
0 181 33963 0 0 5 2 0 0 2569 0 764 
0 182 33964 0 0 6 2 0 0 2574 0 769 
0 183 33965 0 0 6 2 0 0 2580 0 775 
0 184 33966 0 0 6 2 0 0 2586 0 781 
0 185 33967 0 0 6 2 0 0 2592 0 787 
0 186 33972 0 0 5 2 0 0 2598 0 793 
0 187 33973 0 0 5 2 0 0 2603 0 798 
0 188 33974 0 0 6 2 0 0 2608 0 803 
0 189 33975 0 0 6 2 0 0 2614 0 809 
0 190 33982 0 0 5 2 0 0 2620 0 815 
0 191 33983 0 0 5 2 0 0 2625 0 820 
0 192 34014 0 0 4 2 0 0 2630 0 825 
0 193 34015 0 0 4 2 0 0 2634 0 829 
0 194 34027 0 0 3 2 0 0 2638 0 833 
0 195 34028 0 0 4 2 0 0 2641 0 836 
0 196 34029 0 0 6 2 0 0 2712 0 840 
0 197 34031 0 0 4 2 0 0 2953 0 846 
0 198 34036 0 0 5 2 0 0 2957 0 850 
0 199 34037 0 0 5 2 0 0 2962 0 855 
0 200 34038 0 0 6 2 0 0 2967 0 860 
0 201 34039 0 0 6 2 0 0 2973 0 866 
0 202 34046 0 0 5 2 0 0 2979 0 872 
0 203 34047 0 0 5 2 0 0 2984 0 877 
0 204 34224 0 0 3 2 0 0 2989 0 882 
0 205 34225 0 0 5 2 0 0 2992 0 885 
0 206 34227 0 0 4 2 0 0 2997 0 890 
0 207 34228 0 0 4 2 0 0 3001 0 894 
0 208 34229 0 0 5 2 0 0 3005 0 898 
0 209 34231 0 0 4 2 0 0 3010 0 903 
0 210 34233 0 0 4 2 0 0 3014 0 907 
0 211 34235 0 0 5 2 0 0 3018 0 911 
0 212 34236 0 0 5 2 0 0 2948 0 916 
0 213 34237 0 0 6 2 0 0 3029 0 921 
0 214 34239 0 0 5 2 0 0 3035 0 927 
0 215 34299 0 0 3 2 0 0 3040 0 932 
0 216 34300 0 0 4 2 0 0 3043 0 935 
0 217 34301 0 0 5 2 0 0 3047 0 939 
0 218 34303 0 0 4 2 0 0 3052 0 944 
0 219 34740 0 0 3 2 0 0 3056 0 948 
0 220 34741 0 0 4 2 0 0 3059 0 951 
0 221 34743 0 0 4 2 0 0 3063 0 955 
0 222 34751 0 0 4 2 0 0 3067 0 959 
0 223 34815 0 0 3 2 0 0 3071 0 963 
0 224 35038 0 0 3 2 0 0 3074 0 966 
0 225 35039 0 0 3 2 0 0 3077 0 969 
0 226 35040 0 0 4 2 0 0 3080 0 972 
0 227 35041 0 0 4 2 0 0 3084 0 976 
0 228 35042 0 0 7 1 0 0 2855 0 980 
0 229 35043 0 0 7 1 0 0 2848 0 987 
0 230 35046 0 0 5 2 0 0 2843 0 994 
0 231 35047 0 0 5 2 0 0 2838 0 999 
0 232 35050 0 0 6 1 0 0 2832 0 1004 
0 233 35051 0 0 6 1 0 0 2826 0 1010 
0 234 35052 0 0 4 2 0 0 2822 0 1016 
0 235 35053 0 0 4 2 0 0 2818 0 1020 
0 236 35054 0 0 7 1 0 0 2769 0 1024 
0 237 35055 0 0 7 1 0 0 2805 0 1031 
0 238 35070 0 0 4 2 0 0 2801 0 1038 
0 239 35071 0 0 4 2 0 0 2797 0 1042 
0 240 35128 0 0 3 3 0 0 2794 0 1046 
0 241 35129 0 0 5 2 0 0 2789 0 1049 
0 242 35131 0 0 5 1 0 0 2784 0 1054 
0 243 35135 0 0 3 3 0 0 2781 0 1059 
0 244 35176 0 0 5 1 0 0 2776 0 1062 
0 245 35177 0 0 6 1 0 0 2812 0 1067 
0 246 35178 0 0 5 1 0 0 2862 0 1073 
0 247 35179 0 0 6 1 0 0 2867 0 1078 
0 248 35180 0 0 6 1 0 0 2873 0 1084 
0 249 35181 0 0 6 1 0 0 2879 0 1090 
0 250 35182 0 0 6 1 0 0 2885 0 1096 
0 251 35183 0 0 6 1 0 0 2891 0 1102 
0 252 35184 0 0 4 2 0 0 2897 0 1108 
0 253 35185 0 0 4 2 0 0 2901 0 1112 
0 254 35186 0 0 7 1 0 0 2905 0 1116 
0 255 35187 0 0 7 1 0 0 2912 0 1123 
0 256 35190 0 0 4 2 0 0 2919 0 1130 
0 257 35191 0 0 4 2 0 0 2923 0 1134 
0 258 35192 0 0 7 1 0 0 2927 0 1138 
0 259 35193 0 0 7 1 0 0 2934 0 1145 
0 260 35194 0 0 7 1 0 0 2941 0 1152 
0 261 35195 0 0 7 1 0 0 3582 0 1159 
0 262 35196 0 0 7 1 0 0 4558 0 1166 
0 263 35197 0 0 7 1 0 0 4565 0 1173 
0 264 35198 0 0 7 1 0 0 4572 0 1180 
0 265 35199 0 0 7 1 0 0 4579 0 1187 
0 266 35320 0 0 4 2 0 0 4586 0 1194 
0 267 35321 0 0 4 2 0 0 4590 0 1198 
0 268 35322 0 0 6 1 0 0 4594 0 1202 
0 269 35323 0 0 6 1 0 0 4600 0 1208 
0 270 35326 0 0 4 2 0 0 4606 0 1214 
0 271 35327 0 0 4 2 0 0 4610 0 1218 
0 272 35616 0 0 2 4 0 0 4614 0 1222 
0 273 35617 0 0 3 2 0 0 4616 0 1224 
0 274 35618 0 0 5 1 0 0 4619 0 1227 
0 275 35619 0 0 6 1 0 0 4624 0 1232 
0 276 35622 0 0 4 2 0 0 4630 0 1238 
0 277 35623 0 0 4 2 0 0 4554 0 1242 
0 278 35626 0 0 5 1 0 0 4640 0 1246 
0 279 35627 0 0 6 1 0 0 4645 0 1251 
0 280 35628 0 0 4 2 0 0 4651 0 1257 
0 281 35629 0 0 4 2 0 0 4655 0 1261 
0 282 35630 0 0 7 1 0 0 4659 0 1265 
0 283 35631 0 0 7 1 0 0 4666 0 1272 
0 284 35646 0 0 4 2 0 0 4673 0 1279 
0 285 35647 0 0 4 2 0 0 4677 0 1283 
0 286 35690 0 0 4 1 0 0 4681 0 1287 
0 287 35691 0 0 5 1 0 0 4685 0 1291 
0 288 35692 0 0 6 1 0 0 4690 0 1296 
0 289 35693 0 0 6 1 0 0 4696 0 1302 
0 290 35694 0 0 6 1 0 0 4702 0 1308 
0 291 35695 0 0 6 1 0 0 4708 0 1314 
0 292 35702 0 0 4 2 0 0 4714 0 1320 
0 293 35703 0 0 4 2 0 0 4465 0 1324 
0 294 35710 0 0 6 1 0 0 4459 0 1328 
0 295 35711 0 0 6 1 0 0 4453 0 1334 
0 296 35838 0 0 3 2 0 0 4450 0 1340 
0 297 35839 0 0 3 2 0 0 4447 0 1343 
0 298 36062 0 0 4 1 0 0 4443 0 1346 
0 299 36063 0 0 4 1 0 0 4439 0 1350 
0 300 36074 0 0 5 1 0 0 4434 0 1354 
0 301 36075 0 0 5 1 0 0 4378 0 1359 
0 302 36076 0 0 6 1 0 0 4423 0 1364 
0 303 36077 0 0 6 1 0 0 4417 0 1370 
0 304 36078 0 0 6 1 0 0 4411 0 1376 
0 305 36079 0 0 6 1 0 0 4405 0 1382 
0 306 36084 0 0 5 1 0 0 4400 0 1388 
0 307 36085 0 0 5 1 0 0 4395 0 1393 
0 308 36086 0 0 6 1 0 0 4389 0 1398 
0 309 36087 0 0 6 1 0 0 4383 0 1404 
0 310 36094 0 0 5 1 0 0 4429 0 1410 
0 311 36095 0 0 5 1 0 0 4469 0 1415 
0 312 36208 0 0 5 1 0 0 4474 0 1420 
0 313 36209 0 0 7 1 0 0 4479 0 1425 
0 314 36211 0 0 5 1 0 0 4486 0 1432 
0 315 36212 0 0 5 1 0 0 4491 0 1437 
0 316 36213 0 0 7 1 0 0 4496 0 1442 
0 317 36215 0 0 5 1 0 0 4503 0 1449 
0 318 36216 0 0 5 1 0 0 4508 0 1454 
0 319 36217 0 0 7 1 0 0 4513 0 1459 
0 320 36219 0 0 5 1 0 0 4520 0 1466 
0 321 36220 0 0 5 1 0 0 4525 0 1471 
0 322 36221 0 0 7 1 0 0 4530 0 1476 
0 323 36223 0 0 5 1 0 0 4537 0 1483 
0 324 36272 0 0 6 1 0 0 4542 0 1488 
0 325 36273 0 0 6 1 0 0 4548 0 1494 
0 326 36274 0 0 6 1 0 0 4634 0 1500 
0 327 36275 0 0 6 1 0 0 4908 0 1506 
0 328 36276 0 0 6 1 0 0 4914 0 1512 
0 329 36277 0 0 6 1 0 0 4920 0 1518 
0 330 36278 0 0 6 1 0 0 4926 0 1524 
0 331 36279 0 0 6 1 0 0 4932 0 1530 
0 332 36280 0 0 7 1 0 0 4938 0 1536 
0 333 36281 0 0 7 1 0 0 4945 0 1543 
0 334 36282 0 0 7 1 0 0 4952 0 1550 
0 335 36283 0 0 7 1 0 0 4959 0 1557 
0 336 36284 0 0 7 1 0 0 4966 0 1564 
0 337 36285 0 0 7 1 0 0 4973 0 1571 
0 338 36286 0 0 7 1 0 0 4980 0 1578 
0 339 36287 0 0 7 1 0 0 4987 0 1585 
0 340 36344 0 0 6 1 0 0 4994 0 1592 
0 341 36345 0 0 6 1 0 0 5000 0 1598 
0 342 36346 0 0 6 1 0 0 4902 0 1604 
0 343 36347 0 0 6 1 0 0 5007 0 1610 
0 344 36348 0 0 6 1 0 0 5013 0 1616 
0 345 36349 0 0 6 1 0 0 5019 0 1622 
0 346 36350 0 0 6 1 0 0 5025 0 1628 
0 347 36351 0 0 6 1 0 0 5031 0 1634 
0 348 36641 0 0 4 1 0 0 5037 0 1640 
0 349 36643 0 0 5 1 0 0 5041 0 1644 
0 350 36644 0 0 6 1 0 0 5046 0 1649 
0 351 36645 0 0 6 1 0 0 5052 0 1655 
0 352 36646 0 0 6 1 0 0 5058 0 1661 
0 353 36647 0 0 6 1 0 0 5064 0 1667 
0 354 36651 0 0 5 1 0 0 5070 0 1673 
0 355 36652 0 0 7 1 0 0 5075 0 1678 
0 356 36653 0 0 7 1 0 0 5082 0 1685 
0 357 36654 0 0 7 1 0 0 5089 0 1692 
0 358 36655 0 0 7 1 0 0 4822 0 1699 
0 359 36660 0 0 6 1 0 0 4816 0 1706 
0 360 36661 0 0 6 1 0 0 4810 0 1712 
0 361 36662 0 0 7 1 0 0 4803 0 1718 
0 362 36663 0 0 7 1 0 0 4796 0 1725 
0 363 36670 0 0 6 1 0 0 4790 0 1732 
0 364 36671 0 0 6 1 0 0 4784 0 1738 
0 365 36715 0 0 4 1 0 0 4780 0 1744 
0 366 36716 0 0 6 1 0 0 4718 0 1748 
0 367 36717 0 0 6 1 0 0 4768 0 1754 
0 368 36718 0 0 6 1 0 0 4762 0 1760 
0 369 36719 0 0 6 1 0 0 4756 0 1766 
0 370 36724 0 0 6 1 0 0 4750 0 1772 
0 371 36725 0 0 6 1 0 0 4744 0 1778 
0 372 36726 0 0 7 1 0 0 4737 0 1784 
0 373 36727 0 0 7 1 0 0 4730 0 1791 
0 374 36734 0 0 6 1 0 0 4724 0 1798 
0 375 36735 0 0 6 1 0 0 4774 0 1804 
0 376 36788 0 0 5 1 0 0 4829 0 1810 
0 377 36789 0 0 5 1 0 0 4834 0 1815 
0 378 36790 0 0 6 1 0 0 4839 0 1820 
0 379 36791 0 0 6 1 0 0 4845 0 1826 
0 380 36798 0 0 6 1 0 0 4851 0 1832 
0 381 36799 0 0 6 1 0 0 4857 0 1838 
0 382 36862 0 0 5 1 0 0 4863 0 1844 
0 383 36863 0 0 5 1 0 0 4868 0 1849 
0 384 39344 0 0 3 2 0 0 4873 0 1854 
0 385 39345 0 0 5 1 0 0 4876 0 1857 
0 386 39347 0 0 4 1 0 0 4881 0 1862 
0 387 39348 0 0 3 2 0 0 4885 0 1866 
0 388 39349 0 0 5 1 0 0 4888 0 1869 
0 389 39351 0 0 4 1 0 0 4893 0 1874 
0 390 39352 0 0 5 1 0 0 4897 0 1878 
0 391 39353 0 0 6 1 0 0 4294 0 1883 
0 392 39355 0 0 5 1 0 0 3936 0 1889 
0 393 39356 0 0 5 1 0 0 3931 0 1894 
0 394 39357 0 0 6 1 0 0 3925 0 1899 
0 395 39359 0 0 5 1 0 0 3920 0 1905 
0 396 39416 0 0 5 1 0 0 3915 0 1910 
0 397 39417 0 0 6 1 0 0 3909 0 1915 
0 398 39419 0 0 5 1 0 0 3904 0 1921 
0 399 39420 0 0 5 1 0 0 3857 0 1926 
0 400 39421 0 0 6 1 0 0 3896 0 1931 
0 401 39423 0 0 5 1 0 0 3891 0 1937 
0 402 39572 0 0 3 2 0 0 3888 0 1942 
0 403 39573 0 0 4 1 0 0 3884 0 1945 
0 404 39574 0 0 6 1 0 0 3878 0 1949 
0 405 39575 0 0 6 1 0 0 3872 0 1955 
0 406 39582 0 0 5 1 0 0 3867 0 1961 
0 407 39583 0 0 5 1 0 0 3862 0 1966 
0 408 39584 0 0 2 2 0 0 3902 0 1971 
0 409 39585 0 0 5 1 0 0 3948 0 1973 
0 410 39587 0 0 5 1 0 0 3953 0 1978 
0 411 39588 0 0 4 2 0 0 3958 0 1983 
0 412 39589 0 0 7 1 0 0 3962 0 1987 
0 413 39591 0 0 5 1 0 0 3969 0 1994 
0 414 39594 0 0 5 1 0 0 3974 0 1999 
0 415 39595 0 0 5 1 0 0 3979 0 2004 
0 416 39596 0 0 7 1 0 0 3984 0 2009 
0 417 39597 0 0 7 1 0 0 3991 0 2016 
0 418 39598 0 0 7 1 0 0 3998 0 2023 
0 419 39599 0 0 7 1 0 0 4005 0 2030 
0 420 39604 0 0 4 2 0 0 4012 0 2037 
0 421 39605 0 0 5 1 0 0 4016 0 2041 
0 422 39606 0 0 7 1 0 0 4021 0 2046 
0 423 39607 0 0 7 1 0 0 4028 0 2053 
0 424 39614 0 0 5 1 0 0 3762 0 2060 
0 425 39615 0 0 5 1 0 0 3757 0 2065 
0 426 39644 0 0 5 1 0 0 3752 0 2070 
0 427 39645 0 0 5 1 0 0 3747 0 2075 
0 428 39646 0 0 6 1 0 0 3741 0 2080 
0 429 39647 0 0 6 1 0 0 3735 0 2086 
0 430 39657 0 0 5 1 0 0 3730 0 2092 
0 431 39659 0 0 5 1 0 0 3725 0 2097 
0 432 39660 0 0 5 1 0 0 3661 0 2102 
0 433 39661 0 0 7 1 0 0 3711 0 2107 
0 434 39663 0 0 5 1 0 0 3706 0 2114 
0 435 39664 0 0 5 1 0 0 3701 0 2119 
0 436 39665 0 0 7 1 0 0 3694 0 2124 
0 437 39666 0 0 7 1 0 0 3687 0 2131 
0 438 39667 0 0 7 1 0 0 3680 0 2138 
0 439 39668 0 0 7 1 0 0 3673 0 2145 
0 440 39669 0 0 7 1 0 0 3666 0 2152 
0 441 39670 0 0 7 1 0 0 3718 0 2159 
0 442 39671 0 0 7 1 0 0 3767 0 2166 
0 443 39673 0 0 5 1 0 0 3774 0 2173 
0 444 39674 0 0 7 1 0 0 3779 0 2178 
0 445 39675 0 0 7 1 0 0 3786 0 2185 
0 446 39676 0 0 7 1 0 0 3793 0 2192 
0 447 39677 0 0 7 1 0 0 3800 0 2199 
0 448 39678 0 0 7 1 0 0 3807 0 2206 
0 449 39679 0 0 7 1 0 0 3814 0 2213 
0 450 39856 0 0 4 2 0 0 3821 0 2220 
0 451 39857 0 0 6 1 0 0 3825 0 2224 
0 452 39859 0 0 5 1 0 0 3831 0 2230 
0 453 39860 0 0 4 2 0 0 3836 0 2235 
0 454 39861 0 0 6 1 0 0 3840 0 2239 
0 455 39863 0 0 5 1 0 0 3846 0 2245 
0 456 39864 0 0 6 1 0 0 3851 0 2250 
0 457 39865 0 0 7 1 0 0 3941 0 2256 
0 458 39867 0 0 6 1 0 0 4215 0 2263 
0 459 39868 0 0 6 1 0 0 4221 0 2269 
0 460 39869 0 0 7 1 0 0 4227 0 2275 
0 461 39871 0 0 6 1 0 0 4234 0 2282 
0 462 39928 0 0 5 1 0 0 4240 0 2288 
0 463 39929 0 0 6 1 0 0 4245 0 2293 
0 464 39931 0 0 5 1 0 0 4251 0 2299 
0 465 39932 0 0 5 1 0 0 4256 0 2304 
0 466 39933 0 0 6 1 0 0 4261 0 2309 
0 467 39935 0 0 5 1 0 0 4267 0 2315 
0 468 40440 0 0 4 1 0 0 4272 0 2320 
0 469 40441 0 0 5 1 0 0 4276 0 2324 
0 470 40443 0 0 4 1 0 0 4281 0 2329 
0 471 40444 0 0 4 1 0 0 4285 0 2333 
0 472 40445 0 0 5 1 0 0 4289 0 2337 
0 473 40447 0 0 4 1 0 0 4211 0 2342 
0 474 40670 0 0 4 1 0 0 4300 0 2346 
0 475 40671 0 0 4 1 0 0 4304 0 2350 
0 476 40683 0 0 3 1 0 0 4308 0 2354 
0 477 40684 0 0 5 1 0 0 4311 0 2357 
0 478 40685 0 0 7 1 0 0 4316 0 2362 
0 479 40687 0 0 5 1 0 0 4323 0 2369 
0 480 40692 0 0 5 1 0 0 4328 0 2374 
0 481 40693 0 0 5 1 0 0 4333 0 2379 
0 482 40694 0 0 7 1 0 0 4338 0 2384 
0 483 40695 0 0 7 1 0 0 4345 0 2391 
0 484 40702 0 0 5 1 0 0 4352 0 2398 
0 485 40703 0 0 5 1 0 0 4357 0 2403 
0 486 40880 0 0 5 1 0 0 4362 0 2408 
0 487 40881 0 0 6 1 0 0 4367 0 2413 
0 488 40883 0 0 5 1 0 0 4373 0 2419 
0 489 40884 0 0 5 1 0 0 4129 0 2424 
0 490 40885 0 0 6 1 0 0 4123 0 2429 
0 491 40887 0 0 5 1 0 0 4118 0 2435 
0 492 40888 0 0 6 1 0 0 4112 0 2440 
0 493 40889 0 0 7 1 0 0 4105 0 2446 
0 494 40891 0 0 6 1 0 0 4099 0 2453 
0 495 40892 0 0 6 1 0 0 4093 0 2459 
0 496 40893 0 0 7 1 0 0 4086 0 2465 
0 497 40895 0 0 6 1 0 0 4035 0 2472 
0 498 40952 0 0 5 1 0 0 4075 0 2478 
0 499 40953 0 0 6 1 0 0 4069 0 2483 
0 500 40955 0 0 5 1 0 0 4064 0 2489 
0 501 40956 0 0 5 1 0 0 4059 0 2494 
0 502 40957 0 0 6 1 0 0 4053 0 2499 
0 503 40959 0 0 5 1 0 0 4048 0 2505 
0 504 48020 0 0 3 2 0 0 4045 0 2510 
0 505 48021 0 0 4 1 0 0 4041 0 2513 
0 506 48022 0 0 6 1 0 0 4080 0 2517 
0 507 48023 0 0 6 1 0 0 4134 0 2523 
0 508 48030 0 0 5 1 0 0 4140 0 2529 
0 509 48031 0 0 5 1 0 0 4145 0 2534 
0 510 48052 0 0 3 2 0 0 4150 0 2539 
0 511 48053 0 0 5 1 0 0 4153 0 2542 
0 512 48055 0 0 5 1 0 0 4158 0 2547 
0 513 48063 0 0 4 1 0 0 4163 0 2552 
0 514 48086 0 0 5 1 0 0 4167 0 2556 
0 515 48087 0 0 5 1 0 0 4172 0 2561 
0 516 48094 0 0 6 1 0 0 4177 0 2566 
0 517 48095 0 0 6 1 0 0 4183 0 2572 
0 518 48116 0 0 5 1 0 0 4189 0 2578 
0 519 48117 0 0 6 1 0 0 4194 0 2583 
0 520 48119 0 0 6 1 0 0 4200 0 2589 
0 521 48127 0 0 5 1 0 0 4206 0 2595 
0 522 49118 0 0 4 1 0 0 2421 0 2600 
0 523 49119 0 0 4 1 0 0 881 0 2604 
0 524 49140 0 0 4 1 0 0 885 0 2608 
0 525 49141 0 0 5 1 0 0 889 0 2612 
0 526 49143 0 0 5 1 0 0 894 0 2617 
0 527 49151 0 0 4 1 0 0 899 0 2622 
0 528 64436 0 0 2 2 0 0 903 0 2626 
0 529 64437 0 0 4 1 0 0 905 0 2628 
0 530 64439 0 0 4 1 0 0 909 0 2632 
0 531 64447 0 0 4 1 0 0 913 0 2636 
0 532 64511 0 0 4 1 0 0 917 0 2640 
0 533 65535 0 0 3 1 0 0 921 0 2644 
0 534 101598 0 0 2 5 0 0 924 0 2647 
0 535 101599 0 0 2 5 0 0 926 0 2649 
0 536 101610 0 0 4 3 0 0 928 0 2651 
0 537 101611 0 0 4 3 0 0 932 0 2655 
0 538 101612 0 0 3 3 0 0 878 0 2659 
0 539 101613 0 0 3 3 0 0 941 0 2662 
0 540 101614 0 0 5 3 0 0 944 0 2665 
0 541 101615 0 0 5 3 0 0 949 0 2670 
0 542 101630 0 0 3 3 0 0 954 0 2675 
0 543 101631 0 0 3 3 0 0 957 0 2678 
0 544 101736 0 0 3 4 0 0 960 0 2681 
0 545 101737 0 0 5 2 0 0 963 0 2684 
0 546 101739 0 0 3 4 0 0 968 0 2689 
0 547 101740 0 0 3 4 0 0 971 0 2692 
0 548 101741 0 0 5 2 0 0 974 0 2695 
0 549 101743 0 0 3 4 0 0 979 0 2700 
0 550 101744 0 0 4 2 0 0 982 0 2703 
0 551 101745 0 0 4 2 0 0 986 0 2707 
0 552 101746 0 0 6 2 0 0 990 0 2711 
0 553 101747 0 0 6 2 0 0 996 0 2717 
0 554 101750 0 0 4 2 0 0 805 0 2723 
0 555 101751 0 0 4 2 0 0 801 0 2727 
0 556 101752 0 0 6 2 0 0 795 0 2731 
0 557 101753 0 0 6 2 0 0 789 0 2737 
0 558 101754 0 0 6 2 0 0 783 0 2743 
0 559 101755 0 0 6 2 0 0 777 0 2749 
0 560 101756 0 0 6 2 0 0 771 0 2755 
0 561 101757 0 0 6 2 0 0 765 0 2761 
0 562 101758 0 0 6 2 0 0 722 0 2767 
0 563 101759 0 0 6 2 0 0 756 0 2773 
0 564 101880 0 0 4 2 0 0 752 0 2779 
0 565 101881 0 0 4 2 0 0 748 0 2783 
0 566 101882 0 0 5 2 0 0 743 0 2787 
0 567 101883 0 0 5 2 0 0 738 0 2792 
0 568 101886 0 0 4 2 0 0 734 0 2797 
0 569 101887 0 0 4 2 0 0 730 0 2801 
0 570 102176 0 0 2 4 0 0 728 0 2805 
0 571 102177 0 0 3 2 0 0 762 0 2807 
0 572 102178 0 0 5 2 0 0 809 0 2810 
0 573 102179 0 0 5 2 0 0 814 0 2815 
0 574 102182 0 0 4 2 0 0 819 0 2820 
0 575 102183 0 0 4 2 0 0 823 0 2824 
0 576 102186 0 0 5 2 0 0 827 0 2828 
0 577 102187 0 0 5 2 0 0 832 0 2833 
0 578 102188 0 0 4 2 0 0 837 0 2838 
0 579 102189 0 0 4 2 0 0 841 0 2842 
0 580 102190 0 0 6 2 0 0 845 0 2846 
0 581 102191 0 0 6 2 0 0 851 0 2852 
0 582 102206 0 0 4 2 0 0 857 0 2858 
0 583 102207 0 0 4 2 0 0 861 0 2862 
0 584 102250 0 0 4 2 0 0 865 0 2866 
0 585 102251 0 0 4 2 0 0 869 0 2870 
0 586 102252 0 0 5 2 0 0 873 0 2874 
0 587 102253 0 0 5 2 0 0 936 0 2879 
0 588 102254 0 0 5 2 0 0 1166 0 2884 
0 589 102255 0 0 5 2 0 0 1171 0 2889 
0 590 102262 0 0 4 2 0 0 1176 0 2894 
0 591 102263 0 0 4 2 0 0 1180 0 2898 
0 592 102270 0 0 5 2 0 0 1184 0 2902 
0 593 102271 0 0 5 2 0 0 1189 0 2907 
0 594 102398 0 0 3 2 0 0 1194 0 2912 
0 595 102399 0 0 3 2 0 0 1197 0 2915 
0 596 103864 0 0 3 3 0 0 1200 0 2918 
0 597 103865 0 0 5 1 0 0 1203 0 2921 
0 598 103867 0 0 5 2 0 0 1208 0 2926 
0 599 103871 0 0 3 3 0 0 1213 0 2931 
0 600 103928 0 0 4 2 0 0 1216 0 2934 
0 601 103929 0 0 6 1 0 0 1220 0 2938 
0 602 103931 0 0 4 2 0 0 1226 0 2944 
0 603 103932 0 0 4 2 0 0 1162 0 2948 
0 604 103933 0 0 6 1 0 0 1235 0 2952 
0 605 103935 0 0 4 2 0 0 1241 0 2958 
0 606 104011 0 0 2 6 0 0 1245 0 2962 
0 607 104012 0 0 4 2 0 0 1247 0 2964 
0 608 104013 0 0 6 1 0 0 1251 0 2968 
0 609 104015 0 0 4 2 0 0 1257 0 2974 
0 610 104020 0 0 3 1 0 0 1261 0 2978 
0 611 104021 0 0 3 1 0 0 1264 0 2981 
0 612 104022 0 0 7 1 0 0 1267 0 2984 
0 613 104023 0 0 7 1 0 0 1274 0 2991 
0 614 104030 0 0 5 1 0 0 1281 0 2998 
0 615 104031 0 0 5 1 0 0 1286 0 3003 
0 616 104052 0 0 3 3 0 0 1291 0 3008 
0 617 104053 0 0 5 1 0 0 1294 0 3011 
0 618 104055 0 0 5 2 0 0 1299 0 3016 
0 619 104063 0 0 3 3 0 0 1081 0 3021 
0 620 104082 0 0 3 1 0 0 1078 0 3024 
0 621 104083 0 0 3 1 0 0 1075 0 3027 
0 622 104086 0 0 6 1 0 0 1069 0 3030 
0 623 104087 0 0 6 1 0 0 1063 0 3036 
0 624 104094 0 0 4 1 0 0 1059 0 3042 
0 625 104095 0 0 4 1 0 0 1055 0 3046 
0 626 104096 0 0 1 7 0 0 1054 0 3050 
0 627 104097 0 0 4 1 0 0 1002 0 3051 
0 628 104099 0 0 4 2 0 0 1043 0 3055 
0 629 104100 0 0 4 2 0 0 1039 0 3059 
0 630 104101 0 0 7 1 0 0 1032 0 3063 
0 631 104103 0 0 4 2 0 0 1028 0 3070 
0 632 104106 0 0 7 1 0 0 1021 0 3074 
0 633 104107 0 0 7 1 0 0 1014 0 3081 
0 634 104108 0 0 4 1 0 0 1010 0 3088 
0 635 104109 0 0 4 1 0 0 1006 0 3092 
0 636 104110 0 0 7 1 0 0 1047 0 3096 
0 637 104111 0 0 7 1 0 0 1084 0 3103 
0 638 104114 0 0 4 1 0 0 1091 0 3110 
0 639 104115 0 0 4 1 0 0 1095 0 3114 
0 640 104118 0 0 7 1 0 0 1099 0 3118 
0 641 104119 0 0 7 1 0 0 1106 0 3125 
0 642 104126 0 0 4 1 0 0 1113 0 3132 
0 643 104127 0 0 4 1 0 0 1117 0 3136 
0 644 104154 0 0 5 1 0 0 1121 0 3140 
0 645 104155 0 0 5 1 0 0 1126 0 3145 
0 646 104156 0 0 4 1 0 0 1131 0 3150 
0 647 104157 0 0 4 1 0 0 1135 0 3154 
0 648 104158 0 0 6 1 0 0 1139 0 3158 
0 649 104159 0 0 6 1 0 0 1145 0 3164 
0 650 104168 0 0 4 2 0 0 1151 0 3170 
0 651 104169 0 0 7 1 0 0 1155 0 3174 
0 652 104171 0 0 4 2 0 0 625 0 3181 
0 653 104172 0 0 4 2 0 0 268 0 3185 
0 654 104173 0 0 7 1 0 0 261 0 3189 
0 655 104175 0 0 4 2 0 0 257 0 3196 
0 656 104176 0 0 7 1 0 0 250 0 3200 
0 657 104177 0 0 7 1 0 0 243 0 3207 
0 658 104178 0 0 7 1 0 0 236 0 3214 
0 659 104179 0 0 7 1 0 0 229 0 3221 
0 660 104180 0 0 7 1 0 0 159 0 3228 
0 661 104181 0 0 7 1 0 0 215 0 3235 
0 662 104182 0 0 7 1 0 0 208 0 3242 
0 663 104183 0 0 7 1 0 0 201 0 3249 
0 664 104184 0 0 7 1 0 0 194 0 3256 
0 665 104185 0 0 7 1 0 0 187 0 3263 
0 666 104186 0 0 7 1 0 0 180 0 3270 
0 667 104187 0 0 7 1 0 0 173 0 3277 
0 668 104188 0 0 7 1 0 0 166 0 3284 
0 669 104189 0 0 7 1 0 0 222 0 3291 
0 670 104190 0 0 7 1 0 0 279 0 3298 
0 671 104191 0 0 7 1 0 0 286 0 3305 
0 672 104368 0 0 4 2 0 0 293 0 3312 
0 673 104369 0 0 6 1 0 0 297 0 3316 
0 674 104371 0 0 4 2 0 0 303 0 3322 
0 675 104372 0 0 4 2 0 0 307 0 3326 
0 676 104373 0 0 6 1 0 0 311 0 3330 
0 677 104375 0 0 4 2 0 0 317 0 3336 
0 678 104376 0 0 5 2 0 0 321 0 3340 
0 679 104377 0 0 7 1 0 0 326 0 3345 
0 680 104379 0 0 5 2 0 0 333 0 3352 
0 681 104380 0 0 5 2 0 0 338 0 3357 
0 682 104381 0 0 7 1 0 0 343 0 3362 
0 683 104383 0 0 5 2 0 0 350 0 3369 
0 684 104440 0 0 4 2 0 0 355 0 3374 
0 685 104441 0 0 6 1 0 0 78 0 3378 
0 686 104443 0 0 4 2 0 0 74 0 3384 
0 687 104444 0 0 4 2 0 0 70 0 3388 
0 688 104445 0 0 6 1 0 0 64 0 3392 
0 689 104447 0 0 4 2 0 0 60 0 3398 
0 690 105976 0 0 4 1 0 0 56 0 3402 
0 691 105977 0 0 4 1 0 0 52 0 3406 
0 692 105978 0 0 5 1 0 0 47 0 3410 
0 693 105979 0 0 5 1 0 0 0 0 3415 
0 694 105982 0 0 4 1 0 0 37 0 3420 
0 695 105983 0 0 4 1 0 0 33 0 3424 
0 696 106206 0 0 3 1 0 0 30 0 3428 
0 697 106207 0 0 3 1 0 0 27 0 3431 
0 698 106208 0 0 4 1 0 0 23 0 3434 
0 699 106209 0 0 4 1 0 0 19 0 3438 
0 700 106210 0 0 7 1 0 0 12 0 3442 
0 701 106211 0 0 7 1 0 0 5 0 3449 
0 702 106214 0 0 6 1 0 0 41 0 3456 
0 703 106215 0 0 6 1 0 0 84 0 3462 
0 704 106218 0 0 5 1 0 0 90 0 3468 
0 705 106219 0 0 5 1 0 0 95 0 3473 
0 706 106220 0 0 4 1 0 0 100 0 3478 
0 707 106221 0 0 4 1 0 0 104 0 3482 
0 708 106222 0 0 7 1 0 0 108 0 3486 
0 709 106223 0 0 7 1 0 0 115 0 3493 
0 710 106238 0 0 4 1 0 0 122 0 3500 
0 711 106239 0 0 4 1 0 0 126 0 3504 
0 712 106273 0 0 5 1 0 0 130 0 3508 
0 713 106274 0 0 4 2 0 0 135 0 3513 
0 714 106275 0 0 6 1 0 0 139 0 3517 
0 715 106278 0 0 5 1 0 0 145 0 3523 
0 716 106279 0 0 5 1 0 0 150 0 3528 
0 717 106280 0 0 4 2 0 0 155 0 3533 
0 718 106281 0 0 7 1 0 0 272 0 3537 
0 719 106282 0 0 7 1 0 0 527 0 3544 
0 720 106283 0 0 7 1 0 0 534 0 3551 
0 721 106284 0 0 7 1 0 0 541 0 3558 
0 722 106285 0 0 7 1 0 0 548 0 3565 
0 723 106286 0 0 7 1 0 0 555 0 3572 
0 724 106287 0 0 7 1 0 0 562 0 3579 
0 725 106296 0 0 6 1 0 0 569 0 3586 
0 726 106297 0 0 6 1 0 0 575 0 3592 
0 727 106298 0 0 7 1 0 0 581 0 3598 
0 728 106299 0 0 7 1 0 0 588 0 3605 
0 729 106302 0 0 6 1 0 0 595 0 3612 
0 730 106303 0 0 6 1 0 0 601 0 3618 
0 731 106344 0 0 6 1 0 0 607 0 3624 
0 732 106345 0 0 6 1 0 0 613 0 3630 
0 733 106346 0 0 6 1 0 0 619 0 3636 
0 734 106347 0 0 6 1 0 0 521 0 3642 
0 735 106348 0 0 6 1 0 0 629 0 3648 
0 736 106349 0 0 6 1 0 0 635 0 3654 
0 737 106350 0 0 6 1 0 0 641 0 3660 
0 738 106351 0 0 6 1 0 0 647 0 3666 
0 739 106352 0 0 5 1 0 0 653 0 3672 
0 740 106353 0 0 5 1 0 0 658 0 3677 
0 741 106354 0 0 7 1 0 0 663 0 3682 
0 742 106355 0 0 7 1 0 0 670 0 3689 
0 743 106358 0 0 5 1 0 0 677 0 3696 
0 744 106359 0 0 5 1 0 0 682 0 3701 
0 745 106360 0 0 7 1 0 0 687 0 3706 
0 746 106361 0 0 7 1 0 0 694 0 3713 
0 747 106362 0 0 7 1 0 0 701 0 3720 
0 748 106363 0 0 7 1 0 0 708 0 3727 
0 749 106364 0 0 7 1 0 0 715 0 3734 
0 750 106365 0 0 7 1 0 0 446 0 3741 
0 751 106366 0 0 7 1 0 0 439 0 3748 
0 752 106367 0 0 7 1 0 0 432 0 3755 
0 753 106488 0 0 5 1 0 0 427 0 3762 
0 754 106489 0 0 5 1 0 0 422 0 3767 
0 755 106490 0 0 6 1 0 0 416 0 3772 
0 756 106491 0 0 6 1 0 0 410 0 3778 
0 757 106494 0 0 5 1 0 0 405 0 3784 
0 758 106495 0 0 5 1 0 0 359 0 3789 
0 759 111558 0 0 4 1 0 0 396 0 3794 
0 760 111559 0 0 4 1 0 0 392 0 3798 
0 761 111563 0 0 6 1 0 0 386 0 3802 
0 762 111564 0 0 3 2 0 0 383 0 3808 
0 763 111565 0 0 5 1 0 0 378 0 3811 
0 764 111566 0 0 4 2 0 0 374 0 3816 
0 765 111567 0 0 7 1 0 0 367 0 3820 
0 766 111582 0 0 3 2 0 0 364 0 3827 
0 767 111583 0 0 5 1 0 0 400 0 3830 
0 768 111585 0 0 3 2 0 0 453 0 3835 
0 769 111587 0 0 4 2 0 0 456 0 3838 
0 770 111591 0 0 6 1 0 0 460 0 3842 
0 771 111597 0 0 3 2 0 0 466 0 3848 
0 772 111599 0 0 4 2 0 0 469 0 3851 
0 773 111615 0 0 3 2 0 0 473 0 3855 
0 774 112459 0 0 3 2 0 0 476 0 3858 
0 775 112460 0 0 6 1 0 0 479 0 3861 
0 776 112461 0 0 6 1 0 0 485 0 3867 
0 777 112462 0 0 6 1 0 0 491 0 3873 
0 778 112463 0 0 6 1 0 0 497 0 3879 
0 779 112468 0 0 3 1 0 0 503 0 3885 
0 780 112469 0 0 3 1 0 0 506 0 3888 
0 781 112470 0 0 6 1 0 0 509 0 3891 
0 782 112471 0 0 6 1 0 0 515 0 3897 
0 783 112478 0 0 5 1 0 0 1230 0 3903 
0 784 112479 0 0 5 1 0 0 2050 0 3908 
0 785 112481 0 0 4 2 0 0 2055 0 3913 
0 786 112483 0 0 5 2 0 0 2059 0 3917 
0 787 112485 0 0 6 1 0 0 2064 0 3922 
0 788 112487 0 0 6 1 0 0 2070 0 3928 
0 789 112491 0 0 4 2 0 0 2076 0 3934 
0 790 112492 0 0 4 2 0 0 2080 0 3938 
0 791 112493 0 0 6 1 0 0 2084 0 3942 
0 792 112494 0 0 4 2 0 0 2090 0 3948 
0 793 112495 0 0 6 1 0 0 2094 0 3952 
0 794 112500 0 0 5 1 0 0 2100 0 3958 
0 795 112501 0 0 5 1 0 0 2105 0 3963 
0 796 112502 0 0 6 1 0 0 2110 0 3968 
0 797 112503 0 0 6 1 0 0 2116 0 3974 
0 798 112510 0 0 5 1 0 0 2122 0 3980 
0 799 112511 0 0 5 1 0 0 2045 0 3985 
0 800 112524 0 0 3 1 0 0 2133 0 3990 
0 801 112525 0 0 3 1 0 0 2136 0 3993 
0 802 112526 0 0 7 1 0 0 2139 0 3996 
0 803 112527 0 0 7 1 0 0 2146 0 4003 
0 804 112542 0 0 4 1 0 0 2153 0 4010 
0 805 112543 0 0 4 1 0 0 2157 0 4014 
0 806 112545 0 0 4 1 0 0 2161 0 4018 
0 807 112546 0 0 4 2 0 0 2165 0 4022 
0 808 112547 0 0 7 1 0 0 2169 0 4026 
0 809 112550 0 0 5 1 0 0 2176 0 4033 
0 810 112551 0 0 5 1 0 0 2181 0 4038 
0 811 112554 0 0 6 1 0 0 2186 0 4043 
0 812 112555 0 0 6 1 0 0 2192 0 4049 
0 813 112556 0 0 4 1 0 0 2198 0 4055 
0 814 112557 0 0 4 1 0 0 2202 0 4059 
0 815 112558 0 0 7 1 0 0 1952 0 4063 
0 816 112559 0 0 7 1 0 0 1945 0 4070 
0 817 112574 0 0 4 1 0 0 1941 0 4077 
0 818 112575 0 0 4 1 0 0 1937 0 4081 
0 819 112590 0 0 5 1 0 0 1932 0 4085 
0 820 112591 0 0 5 1 0 0 1927 0 4090 
0 821 112598 0 0 4 1 0 0 1923 0 4095 
0 822 112599 0 0 4 1 0 0 1919 0 4099 
0 823 112606 0 0 6 1 0 0 1856 0 4103 
0 824 112607 0 0 6 1 0 0 1907 0 4109 
0 825 112609 0 0 6 1 0 0 1901 0 4115 
0 826 112610 0 0 4 2 0 0 1897 0 4121 
0 827 112611 0 0 7 1 0 0 1890 0 4125 
0 828 112612 0 0 7 1 0 0 1883 0 4132 
0 829 112613 0 0 7 1 0 0 1876 0 4139 
0 830 112614 0 0 7 1 0 0 1869 0 4146 
0 831 112615 0 0 7 1 0 0 1862 0 4153 
0 832 112618 0 0 6 1 0 0 1913 0 4160 
0 833 112619 0 0 6 1 0 0 1959 0 4166 
0 834 112620 0 0 7 1 0 0 1965 0 4172 
0 835 112621 0 0 7 1 0 0 1972 0 4179 
0 836 112622 0 0 7 1 0 0 1979 0 4186 
0 837 112623 0 0 7 1 0 0 1986 0 4193 
0 838 112628 0 0 6 1 0 0 1993 0 4200 
0 839 112629 0 0 6 1 0 0 1999 0 4206 
0 840 112630 0 0 7 1 0 0 2005 0 4212 
0 841 112631 0 0 7 1 0 0 2012 0 4219 
0 842 112638 0 0 6 1 0 0 2019 0 4226 
0 843 112639 0 0 6 1 0 0 2025 0 4232 
0 844 114654 0 0 3 1 0 0 2031 0 4238 
0 845 114655 0 0 3 1 0 0 2034 0 4241 
0 846 114656 0 0 4 1 0 0 2037 0 4244 
0 847 114657 0 0 4 1 0 0 2041 0 4248 
0 848 114658 0 0 6 1 0 0 2127 0 4252 
0 849 114659 0 0 6 1 0 0 2353 0 4258 
0 850 114662 0 0 5 1 0 0 2359 0 4264 
0 851 114663 0 0 5 1 0 0 2364 0 4269 
0 852 114666 0 0 5 1 0 0 2369 0 4274 
0 853 114667 0 0 5 1 0 0 2374 0 4279 
0 854 114668 0 0 4 1 0 0 2379 0 4284 
0 855 114669 0 0 4 1 0 0 2383 0 4288 
0 856 114670 0 0 6 1 0 0 2387 0 4292 
0 857 114671 0 0 6 1 0 0 2393 0 4298 
0 858 114686 0 0 4 1 0 0 2399 0 4304 
0 859 114687 0 0 4 1 0 0 2403 0 4308 
0 860 127777 0 0 2 3 0 0 2407 0 4312 
0 861 127779 0 0 4 2 0 0 2409 0 4314 
0 862 127783 0 0 4 1 0 0 2413 0 4318 
0 863 127787 0 0 4 2 0 0 2417 0 4322 
0 864 127789 0 0 4 1 0 0 2349 0 4326 
0 865 127791 0 0 6 1 0 0 2425 0 4330 
0 866 127806 0 0 4 1 0 0 2431 0 4336 
0 867 127807 0 0 4 1 0 0 2435 0 4340 
0 868 127851 0 0 4 2 0 0 2439 0 4344 
0 869 127853 0 0 6 1 0 0 2443 0 4348 
0 870 127855 0 0 6 1 0 0 2449 0 4354 
0 871 127862 0 0 5 1 0 0 2455 0 4360 
0 872 127863 0 0 5 1 0 0 2460 0 4365 
0 873 127870 0 0 6 1 0 0 2465 0 4370 
0 874 127871 0 0 6 1 0 0 2471 0 4376 
0 875 127998 0 0 4 1 0 0 2477 0 4382 
0 876 127999 0 0 4 1 0 0 2481 0 4386 
0 877 128875 0 0 3 2 0 0 2485 0 4390 
0 878 128876 0 0 3 2 0 0 2488 0 4393 
0 879 128877 0 0 5 1 0 0 2491 0 4396 
0 880 128878 0 0 3 2 0 0 2273 0 4401 
0 881 128879 0 0 5 1 0 0 2268 0 4404 
0 882 128884 0 0 3 1 0 0 2265 0 4409 
0 883 128885 0 0 3 1 0 0 2262 0 4412 
0 884 128886 0 0 6 1 0 0 2256 0 4415 
0 885 128887 0 0 6 1 0 0 2250 0 4421 
0 886 128894 0 0 5 1 0 0 2245 0 4427 
0 887 128895 0 0 5 1 0 0 2240 0 4432 
0 888 128958 0 0 4 1 0 0 2206 0 4437 
0 889 128959 0 0 4 1 0 0 2234 0 4441 
0 890 129022 0 0 5 1 0 0 2229 0 4445 
0 891 129023 0 0 5 1 0 0 2224 0 4450 
0 892 131070 0 0 3 1 0 0 2221 0 4455 
0 893 131071 0 0 3 1 0 0 2218 0 4458 
0 894 237048 0 0 2 4 0 0 2216 0 4461 
0 895 237049 0 0 3 4 0 0 2213 0 4463 
0 896 237051 0 0 3 4 0 0 2210 0 4466 
0 897 237055 0 0 2 4 0 0 2238 0 4469 
0 898 237274 0 0 5 2 0 0 2276 0 4471 
0 899 237275 0 0 5 2 0 0 2281 0 4476 
0 900 237278 0 0 4 2 0 0 2286 0 4481 
0 901 237279 0 0 4 2 0 0 2290 0 4485 
0 902 237288 0 0 4 2 0 0 2294 0 4489 
0 903 237289 0 0 6 2 0 0 2298 0 4493 
0 904 237291 0 0 4 2 0 0 2304 0 4499 
0 905 237292 0 0 4 2 0 0 2308 0 4503 
0 906 237293 0 0 6 2 0 0 2312 0 4507 
0 907 237295 0 0 4 2 0 0 2318 0 4513 
0 908 237304 0 0 5 2 0 0 2322 0 4517 
0 909 237305 0 0 5 2 0 0 2327 0 4522 
0 910 237306 0 0 6 2 0 0 2332 0 4527 
0 911 237307 0 0 6 2 0 0 2338 0 4533 
0 912 237310 0 0 5 2 0 0 2344 0 4539 
0 913 237311 0 0 5 2 0 0 1779 0 4544 
0 914 237560 0 0 3 2 0 0 1531 0 4549 
0 915 237561 0 0 4 2 0 0 1527 0 4552 
0 916 237563 0 0 4 2 0 0 1523 0 4556 
0 917 237567 0 0 3 2 0 0 1520 0 4560 
0 918 241483 0 0 2 6 0 0 1518 0 4563 
0 919 241484 0 0 5 1 0 0 1513 0 4565 
0 920 241485 0 0 7 1 0 0 1506 0 4570 
0 921 241487 0 0 5 1 0 0 1456 0 4577 
0 922 241492 0 0 3 4 0 0 1498 0 4582 
0 923 241493 0 0 5 2 0 0 1493 0 4585 
0 924 241494 0 0 7 1 0 0 1486 0 4590 
0 925 241495 0 0 7 1 0 0 1479 0 4597 
0 926 241502 0 0 5 2 0 0 1474 0 4604 
0 927 241503 0 0 5 2 0 0 1469 0 4609 
0 928 241524 0 0 3 3 0 0 1466 0 4614 
0 929 241525 0 0 5 2 0 0 1461 0 4617 
0 930 241527 0 0 5 1 0 0 1501 0 4622 
0 931 241535 0 0 3 3 0 0 1537 0 4627 
0 932 241611 0 0 3 4 0 0 1540 0 4630 
0 933 241612 0 0 4 2 0 0 1543 0 4633 
0 934 241613 0 0 4 2 0 0 1547 0 4637 
0 935 241614 0 0 7 1 0 0 1551 0 4641 
0 936 241615 0 0 7 1 0 0 1558 0 4648 
0 937 241630 0 0 4 2 0 0 1565 0 4655 
0 938 241631 0 0 4 2 0 0 1569 0 4659 
0 939 241633 0 0 4 2 0 0 1573 0 4663 
0 940 241634 0 0 4 2 0 0 1577 0 4667 
0 941 241635 0 0 7 1 0 0 1581 0 4671 
0 942 241638 0 0 6 1 0 0 1588 0 4678 
0 943 241639 0 0 6 1 0 0 1594 0 4684 
0 944 241642 0 0 5 2 0 0 1600 0 4690 
0 945 241643 0 0 5 2 0 0 1605 0 4695 
0 946 241644 0 0 4 2 0 0 1388 0 4700 
0 947 241645 0 0 4 2 0 0 1384 0 4704 
0 948 241646 0 0 7 1 0 0 1377 0 4708 
0 949 241647 0 0 7 1 0 0 1370 0 4715 
0 950 241662 0 0 4 2 0 0 1366 0 4722 
0 951 241663 0 0 4 2 0 0 1362 0 4726 
0 952 245707 0 0 3 2 0 0 1359 0 4730 
0 953 245708 0 0 5 1 0 0 1354 0 4733 
0 954 245709 0 0 6 1 0 0 1304 0 4738 
0 955 245711 0 0 5 1 0 0 1344 0 4744 
0 956 245720 0 0 3 2 0 0 1341 0 4749 
0 957 245721 0 0 5 1 0 0 1336 0 4752 
0 958 245722 0 0 6 1 0 0 1330 0 4757 
0 959 245723 0 0 6 1 0 0 1324 0 4763 
0 960 245726 0 0 5 1 0 0 1319 0 4769 
0 961 245727 0 0 5 1 0 0 1314 0 4774 
0 962 245752 0 0 4 1 0 0 1310 0 4779 
0 963 245753 0 0 5 1 0 0 1349 0 4783 
0 964 245755 0 0 5 1 0 0 1392 0 4788 
0 965 245759 0 0 4 1 0 0 1397 0 4793 
0 966 255567 0 0 2 6 0 0 1401 0 4797 
0 967 255574 0 0 3 4 0 0 1403 0 4799 
0 968 255575 0 0 5 2 0 0 1406 0 4802 
0 969 255583 0 0 3 4 0 0 1411 0 4807 
0 970 255605 0 0 4 2 0 0 1414 0 4810 
0 971 255607 0 0 5 1 0 0 1418 0 4814 
0 972 255613 0 0 4 2 0 0 1423 0 4819 
0 973 255615 0 0 5 1 0 0 1427 0 4823 
0 974 255655 0 0 3 1 0 0 1432 0 4828 
0 975 255662 0 0 4 2 0 0 1435 0 4831 
0 976 255663 0 0 7 1 0 0 1439 0 4835 
0 977 255678 0 0 5 1 0 0 1446 0 4842 
0 978 255679 0 0 5 1 0 0 1451 0 4847 
0 979 255727 0 0 3 2 0 0 1534 0 4852 
0 980 255734 0 0 4 2 0 0 1708 0 4855 
0 981 255735 0 0 7 1 0 0 1712 0 4859 
0 982 255743 0 0 4 2 0 0 1719 0 4866 
0 983 255925 0 0 6 1 0 0 1723 0 4870 
0 984 255927 0 0 5 1 0 0 1729 0 4876 
0 985 255933 0 0 4 2 0 0 1734 0 4881 
0 986 255935 0 0 6 1 0 0 1738 0 4885 
0 987 255999 0 0 3 2 0 0 1744 0 4891 
0 988 257758 0 0 3 2 0 0 1747 0 4894 
0 989 257759 0 0 3 2 0 0 1750 0 4897 
0 990 257771 0 0 4 2 0 0 1753 0 4900 
0 991 257772 0 0 4 2 0 0 1757 0 4904 
0 992 257773 0 0 6 1 0 0 1761 0 4908 
0 993 257774 0 0 6 1 0 0 1767 0 4914 
0 994 257775 0 0 6 1 0 0 1773 0 4920 
0 995 257787 0 0 4 2 0 0 1704 0 4926 
0 996 257790 0 0 5 1 0 0 1784 0 4930 
0 997 257791 0 0 5 1 0 0 1789 0 4935 
0 998 257905 0 0 3 2 0 0 1794 0 4940 
0 999 257907 0 0 5 1 0 0 1797 0 4943 
0 1000 257911 0 0 3 1 0 0 1802 0 4948 
0 1001 257913 0 0 4 2 0 0 1805 0 4951 
0 1002 257915 0 0 5 1 0 0 1809 0 4955 
0 1003 257916 0 0 5 1 0 0 1814 0 4960 
0 1004 257917 0 0 7 1 0 0 1819 0 4965 
0 1005 257919 0 0 5 1 0 0 1826 0 4972 
0 1006 258041 0 0 3 2 0 0 1831 0 4977 
0 1007 258042 0 0 6 1 0 0 1834 0 4980 
0 1008 258043 0 0 6 1 0 0 1840 0 4986 
0 1009 258046 0 0 5 1 0 0 1846 0 4992 
0 1010 258047 0 0 5 1 0 0 1851 0 4997 
0 1011 262136 0 0 3 1 0 0 1654 0 5002 
0 1012 262137 0 0 4 1 0 0 1650 0 5005 
0 1013 262139 0 0 4 1 0 0 1646 0 5009 
0 1014 262143 0 0 3 1 0 0 1643 0 5013 
0 1015 507851 0 0 2 6 0 0 1641 0 5016 
0 1016 507852 0 0 2 3 0 0 1639 0 5018 
0 1017 507853 0 0 3 3 0 0 1636 0 5020 
0 1018 507855 0 0 4 3 0 0 1632 0 5023 
0 1019 507870 0 0 2 3 0 0 1610 0 5027 
0 1020 507871 0 0 3 3 0 0 1628 0 5029 
0 1021 507903 0 0 2 3 0 0 1626 0 5032 
0 1022 515577 0 0 3 4 0 0 1623 0 5034 
0 1023 515579 0 0 3 4 0 0 1620 0 5037 
0 1024 515583 0 0 2 4 0 0 1618 0 5040 
0 1025 515806 0 0 2 5 0 0 1616 0 5042 
0 1026 515807 0 0 2 5 0 0 1614 0 5044 
0 1027 515819 0 0 2 6 0 0 1612 0 5046 
0 1028 515820 0 0 1 7 0 0 1631 0 5048 
0 1029 515821 0 0 4 1 0 0 1657 0 5049 
0 1030 515823 0 0 4 2 0 0 1661 0 5053 
0 1031 515838 0 0 4 1 0 0 1665 0 5057 
0 1032 515839 0 0 4 1 0 0 1669 0 5061 
0 1033 516089 0 0 4 2 0 0 1673 0 5065 
0 1034 516091 0 0 4 2 0 0 1677 0 5069 
0 1035 516095 0 0 3 2 0 0 1681 0 5073 
0 1036 524239 0 0 3 2 0 0 1684 0 5076 
0 1037 524254 0 0 3 1 0 0 1687 0 5079 
0 1038 524255 0 0 4 1 0 0 1690 0 5082 
0 1039 524287 0 0 3 1 0 0 1694 0 5086 
0 1040 1048059 0 0 2 6 0 0 1697 0 5089 
0 1041 1048063 0 0 2 4 0 0 1699 0 5091 
0 1042 1048575 0 0 2 2 0 0 1701 0 5093 
0 1043 2097151 0 0 1 7 0 0 1703 0 5095 
