0 0 0 0 0 1 6 0 0 518 0 0 
0 1 1 0 0 2 4 0 0 331 0 1 
0 2 3 0 0 3 3 0 0 333 0 3 
0 3 7 0 0 2 3 0 0 336 0 6 
0 4 11 0 0 3 2 0 0 338 0 8 
0 5 12 0 0 2 2 0 0 341 0 11 
0 6 13 0 0 3 2 0 0 343 0 13 
0 7 15 0 0 4 2 0 0 346 0 16 
0 8 30 0 0 2 2 0 0 350 0 20 
0 9 31 0 0 3 2 0 0 352 0 22 
0 10 63 0 0 2 2 0 0 329 0 25 
0 11 75 0 0 3 1 0 0 357 0 27 
0 12 76 0 0 4 1 0 0 360 0 30 
0 13 77 0 0 5 1 0 0 364 0 34 
0 14 79 0 0 4 1 0 0 369 0 39 
0 15 86 0 0 4 1 0 0 373 0 43 
0 16 87 0 0 4 1 0 0 377 0 47 
0 17 94 0 0 5 1 0 0 381 0 51 
0 18 95 0 0 5 1 0 0 386 0 56 
0 19 116 0 0 3 1 0 0 300 0 61 
0 20 117 0 0 5 1 0 0 267 0 64 
0 21 119 0 0 5 1 0 0 272 0 69 
0 22 127 0 0 4 1 0 0 277 0 74 
0 23 222 0 0 3 1 0 0 281 0 78 
0 24 223 0 0 3 1 0 0 284 0 81 
0 25 235 0 0 3 1 0 0 287 0 84 
0 26 236 0 0 2 1 0 0 290 0 87 
0 27 237 0 0 4 1 0 0 292 0 89 
0 28 239 0 0 4 1 0 0 296 0 93 
0 29 254 0 0 4 1 0 0 263 0 97 
0 30 255 0 0 4 1 0 0 303 0 101 
0 31 507 0 0 3 1 0 0 307 0 105 
0 32 511 0 0 3 1 0 0 310 0 108 
0 33 1023 0 0 2 1 0 0 313 0 111 
0 34 1099 0 0 2 5 0 0 315 0 113 
0 35 1100 0 0 3 3 0 0 317 0 115 
0 36 1101 0 0 4 3 0 0 320 0 118 
0 37 1103 0 0 3 3 0 0 324 0 122 
0 38 1108 0 0 2 4 0 0 327 0 125 
0 39 1109 0 0 2 4 0 0 355 0 127 
0 40 1110 0 0 5 2 0 0 483 0 129 
0 41 1111 0 0 5 2 0 0 488 0 134 
0 42 1118 0 0 4 2 0 0 493 0 139 
0 43 1119 0 0 4 2 0 0 497 0 143 
0 44 1140 0 0 3 2 0 0 501 0 147 
0 45 1141 0 0 4 2 0 0 504 0 150 
0 46 1143 0 0 4 2 0 0 508 0 154 
0 47 1151 0 0 3 2 0 0 512 0 158 
0 48 1182 0 0 3 2 0 0 515 0 161 
0 49 1183 0 0 3 2 0 0 480 0 164 
0 50 1184 0 0 1 6 0 0 519 0 167 
0 51 1185 0 0 3 2 0 0 520 0 168 
0 52 1187 0 0 4 1 0 0 523 0 171 
0 53 1191 0 0 2 3 0 0 527 0 175 
0 54 1194 0 0 4 1 0 0 529 0 177 
0 55 1195 0 0 5 1 0 0 533 0 181 
0 56 1196 0 0 3 2 0 0 538 0 186 
0 57 1197 0 0 3 2 0 0 541 0 189 
0 58 1198 0 0 6 1 0 0 433 0 192 
0 59 1199 0 0 6 1 0 0 396 0 198 
0 60 1214 0 0 3 2 0 0 402 0 204 
0 61 1215 0 0 3 2 0 0 405 0 207 
0 62 1246 0 0 4 1 0 0 408 0 210 
0 63 1247 0 0 4 1 0 0 412 0 214 
0 64 1259 0 0 3 1 0 0 416 0 218 
0 65 1260 0 0 4 1 0 0 419 0 221 
0 66 1261 0 0 6 1 0 0 423 0 225 
0 67 1263 0 0 4 1 0 0 429 0 231 
0 68 1268 0 0 5 1 0 0 391 0 235 
0 69 1269 0 0 5 1 0 0 439 0 240 
0 70 1270 0 0 6 1 0 0 444 0 245 
0 71 1271 0 0 6 1 0 0 450 0 251 
0 72 1278 0 0 5 1 0 0 456 0 257 
0 73 1279 0 0 5 1 0 0 461 0 262 
0 74 1456 0 0 2 2 0 0 466 0 267 
0 75 1457 0 0 5 1 0 0 468 0 269 
0 76 1459 0 0 4 1 0 0 473 0 274 
0 77 1460 0 0 3 2 0 0 477 0 278 
0 78 1461 0 0 5 1 0 0 224 0 281 
0 79 1463 0 0 4 1 0 0 78 0 286 
0 80 1465 0 0 4 1 0 0 82 0 290 
0 81 1467 0 0 5 1 0 0 86 0 294 
0 82 1468 0 0 5 1 0 0 91 0 299 
0 83 1469 0 0 6 1 0 0 96 0 304 
0 84 1471 0 0 5 1 0 0 102 0 310 
0 85 1531 0 0 3 1 0 0 107 0 315 
0 86 1532 0 0 4 1 0 0 110 0 318 
0 87 1533 0 0 5 1 0 0 114 0 322 
0 88 1535 0 0 4 1 0 0 74 0 327 
0 89 1972 0 0 2 2 0 0 124 0 331 
0 90 1973 0 0 4 1 0 0 126 0 333 
0 91 1975 0 0 4 1 0 0 130 0 337 
0 92 1983 0 0 4 1 0 0 134 0 341 
0 93 2047 0 0 3 1 0 0 138 0 345 
0 94 3294 0 0 2 4 0 0 141 0 348 
0 95 3295 0 0 2 4 0 0 143 0 350 
0 96 3306 0 0 4 2 0 0 145 0 352 
0 97 3307 0 0 4 2 0 0 33 0 356 
0 98 3308 0 0 3 2 0 0 2 0 360 
0 99 3309 0 0 3 2 0 0 5 0 363 
0 100 3310 0 0 5 2 0 0 8 0 366 
0 101 3311 0 0 5 2 0 0 13 0 371 
0 102 3326 0 0 3 2 0 0 18 0 376 
0 103 3327 0 0 3 2 0 0 21 0 379 
0 104 3440 0 0 1 6 0 0 24 0 382 
0 105 3441 0 0 4 1 0 0 25 0 383 
0 106 3443 0 0 4 2 0 0 29 0 387 
0 107 3447 0 0 2 3 0 0 0 0 391 
0 108 3448 0 0 2 4 0 0 37 0 393 
0 109 3449 0 0 6 1 0 0 39 0 395 
0 110 3451 0 0 4 2 0 0 45 0 401 
0 111 3452 0 0 4 2 0 0 49 0 405 
0 112 3453 0 0 6 1 0 0 53 0 409 
0 113 3455 0 0 4 2 0 0 59 0 415 
0 114 3576 0 0 2 2 0 0 63 0 419 
0 115 3577 0 0 4 1 0 0 65 0 421 
0 116 3578 0 0 5 1 0 0 69 0 425 
0 117 3579 0 0 5 1 0 0 119 0 430 
0 118 3582 0 0 4 1 0 0 199 0 435 
0 119 3583 0 0 4 1 0 0 203 0 439 
0 120 3873 0 0 1 6 0 0 207 0 443 
0 121 3875 0 0 2 4 0 0 208 0 444 
0 122 3879 0 0 4 1 0 0 210 0 446 
0 123 3885 0 0 2 2 0 0 214 0 450 
0 124 3887 0 0 3 2 0 0 216 0 452 
0 125 3903 0 0 2 2 0 0 219 0 455 
0 126 3947 0 0 3 2 0 0 221 0 457 
0 127 3948 0 0 3 2 0 0 196 0 460 
0 128 3949 0 0 5 1 0 0 229 0 463 
0 129 3950 0 0 3 2 0 0 234 0 468 
0 130 3951 0 0 5 1 0 0 237 0 471 
0 131 3958 0 0 4 1 0 0 242 0 476 
0 132 3959 0 0 4 1 0 0 246 0 480 
0 133 3966 0 0 5 1 0 0 250 0 484 
0 134 3967 0 0 5 1 0 0 255 0 489 
0 135 4094 0 0 3 1 0 0 260 0 494 
0 136 4095 0 0 3 1 0 0 172 0 497 
0 137 7672 0 0 1 6 0 0 153 0 500 
0 138 7673 0 0 3 3 0 0 154 0 501 
0 139 7675 0 0 3 3 0 0 157 0 504 
0 140 7679 0 0 2 3 0 0 160 0 507 
0 141 7902 0 0 2 4 0 0 162 0 509 
0 142 7903 0 0 2 4 0 0 164 0 511 
0 143 7915 0 0 2 5 0 0 166 0 513 
0 144 7916 0 0 1 6 0 0 168 0 515 
0 145 7917 0 0 3 2 0 0 169 0 516 
0 146 7919 0 0 4 1 0 0 149 0 519 
0 147 7934 0 0 3 2 0 0 175 0 523 
0 148 7935 0 0 3 2 0 0 178 0 526 
0 149 8185 0 0 2 2 0 0 181 0 529 
0 150 8187 0 0 4 1 0 0 183 0 531 
0 151 8191 0 0 3 1 0 0 187 0 535 
0 152 16350 0 0 1 6 0 0 190 0 538 
0 153 16351 0 0 2 4 0 0 191 0 539 
0 154 16383 0 0 2 2 0 0 193 0 541 
0 155 32767 0 0 1 6 0 0 195 0 543 
